2025-07-07 23:23:33.406765: start test_charging
2025-07-07 23:23:33.406765: battery_model

data_provider.file_path data_v3_02_11_to_06_10.xlsx
data_provider.cols ['Timestamp', 'SoC(%)', 'Battery Current(A)', 'Battery Voltage(V)']
data_provider.searching_current 1
data_provider.spread 1 [0:2]
2025-07-07 23:23:33.406765: read_excel
2025-07-07 23:23:43.727283: get_charging_data
2025-07-07 23:23:43.741519: actual
      SoC  Battery Voltage(V)
0   0.19           51.417529
1   0.20           51.625583
2   0.21           51.808875
3   0.22           51.969461
4   0.23           52.109296
5   0.24           52.230234
6   0.25           52.334031
7   0.26           52.422349
8   0.27           52.496757
9   0.28           52.558732
10  0.29           52.609664
11  0.30           52.650858
12  0.31           52.683534
13  0.32           52.708832
14  0.33           52.727811
15  0.34           52.741457
16  0.35           52.750679
17  0.36           52.756317
18  0.37           52.759137
19  0.38           52.759844
20  0.39           52.759073
21  0.40           52.757400
22  0.41           52.755339
23  0.42           52.753347
24  0.43           52.751827
25  0.44           52.751126
26  0.45           52.751543
27  0.46           52.753327
28  0.47           52.756684
29  0.48           52.761771
30  0.49           52.768710
31  0.52           52.801247
32  0.53           52.816034
33  0.56           52.871500
34  0.60           52.966912
35  0.61           52.993512
36  0.62           53.020820
37  0.63           53.048624
38  0.64           53.076705
39  0.65           53.104839
40  0.66           53.132804
41  0.67           53.160377
42  0.68           53.187338
43  0.69           53.213472
44  0.70           53.238574
45  0.71           53.262449
46  0.72           53.284912
47  0.73           53.305797
48  0.74           53.324952
49  0.75           53.342246
50  0.76           53.357571
51  0.77           53.370842
52  0.78           53.382001
53  0.79           53.391020
54  0.81           53.402681
55  0.82           53.405432
56  0.83           53.406265
57  0.85           53.402830
58  0.86           53.398997
59  0.87           53.394122
60  0.88           53.388545
61  0.89           53.382655
62  0.90           53.376899
63  0.91           53.371780
64  0.92           53.367861
65  0.93           53.365766
66  0.94           53.366185
67  0.95           53.369873
68  0.96           53.377655
69  0.97           53.390426
70  0.98           53.409156
71  0.99           53.434890
72  1.00           53.468752
2025-07-07 23:25:54.726509: Optimized Parameters (LSM): [1.23615059e+00 1.66308973e-02 1.73663702e-04 8.95010560e-01
 1.95352985e-11 4.30169385e-03 5.47366410e-05 1.00000005e-10
 9.99999968e-11 1.00000002e-10 9.99999998e-11 9.99999999e-11
 1.00000000e-10 1.00000000e-10 1.00000000e-10 1.00000000e-10
 1.00000000e-10 1.00000000e-10 1.00000000e-10 1.00000000e-10
 1.00000000e-10 1.23615211e+00 1.66317425e-02 1.75899347e-04
 8.95010749e-01 1.95352985e-11 6.49972112e-30 9.90101016e-39
 2.61190596e-37 2.43162253e-01 5.47382436e-05]
2025-07-07 23:25:54.727509: predicted_voltages_lsm_charging_v2
2025-07-07 23:25:54.728510: predicted
['mse: 3.2629', 'mae: 1.7484', 'pfg: 3.3023', 'r2: -14.8467', 'ks_p: 0.0000', 'ks_D: 1.0000', 'mape: 0.0330']
2025-07-07 23:27:10.006941: Optimized Parameters (GA): [1.46434567e+00 3.72522122e+00 1.04811684e+00 8.41580146e-01
 0.00000000e+00 7.22410125e-04 1.47602694e-02 5.60299668e-02
 8.39041000e-01 9.49267782e-01 1.04979792e-01 1.06244409e+00
 3.51052759e-01 3.11000049e-01 9.05826289e-02 4.37229059e-01
 7.51818334e-01 2.53525647e-01 2.77303217e-01 5.29025045e-01
 6.05347262e-01 1.07154465e+00 1.45254736e+00 1.93984699e-01
 8.44286932e-01 0.00000000e+00 0.00000000e+00 0.00000000e+00
 0.00000000e+00 1.19763242e+01 1.12590053e-01]
2025-07-07 23:27:10.007941: predicted
0.20	52.40
0.21	52.41
0.22	52.42
0.23	52.43
0.24	52.44
0.25	52.46
0.26	52.47
0.27	52.48
0.28	52.49
0.29	52.50
0.30	52.51
0.31	52.53
0.32	52.54
0.33	52.55
0.34	52.56
0.35	52.58
0.36	52.59
0.37	52.60
0.38	52.61
0.39	52.63
0.40	52.64
0.41	52.65
0.42	52.67
0.43	52.68
0.44	52.69
0.45	52.71
0.46	52.72
0.47	52.74
0.48	52.75
0.49	52.76
0.50	52.78
0.51	52.79
0.52	52.81
0.53	52.82
0.54	52.84
0.55	52.85
0.56	52.87
0.57	52.88
0.58	52.90
0.59	52.91
0.60	52.93
0.61	52.94
0.62	52.96
0.63	52.97
0.64	52.99
0.65	53.01
0.66	53.02
0.67	53.04
0.68	53.06
0.69	53.07
0.70	53.09
0.71	53.11
0.72	53.12
0.73	53.14
0.74	53.16
0.75	53.18
0.76	53.19
0.77	53.21
0.78	53.23
0.79	53.25
0.80	53.27
0.81	53.29
0.82	53.30
0.83	53.32
0.84	53.34
0.85	53.36
0.86	53.38
0.87	53.40
0.88	53.42
0.89	53.44
0.90	53.46
0.91	53.48
0.92	53.50
0.93	53.52
0.94	53.54
0.95	53.56
0.96	53.58
0.97	53.60
0.98	53.62
0.99	53.65
['mse: 0.1493', 'mae: 0.1862', 'pfg: 0.3518', 'r2: 0.2747', 'ks_p: 0.1918', 'ks_D: 0.1806', 'mape: 0.0036']
