2025-07-07 23:08:03.471078: start test_discharging
2025-07-07 23:08:03.471078: battery_model

data_provider.file_path data_v3_02_11_to_06_10.xlsx
data_provider.cols ['Timestamp', 'SoC(%)', 'Battery Current(A)', 'Battery Voltage(V)']
data_provider.searching_current 1
data_provider.spread 1 [0:2]
2025-07-07 23:08:03.471078: read_excel
2025-07-07 23:08:14.335225: actual
      SoC  Battery Voltage(V)
0   0.19           51.365712
1   0.20           51.492658
2   0.21           51.607239
3   0.22           51.710383
4   0.23           51.802976
5   0.24           51.885860
6   0.25           51.959837
7   0.26           52.025670
8   0.27           52.084080
9   0.28           52.135752
10  0.29           52.181334
11  0.30           52.221435
12  0.31           52.256632
13  0.32           52.287464
14  0.33           52.314440
15  0.34           52.338032
16  0.35           52.358684
17  0.36           52.376808
18  0.37           52.392786
19  0.38           52.406970
20  0.39           52.419687
21  0.40           52.431234
22  0.41           52.441883
23  0.42           52.451882
24  0.43           52.461451
25  0.44           52.470792
26  0.45           52.480081
27  0.46           52.489473
28  0.47           52.499103
29  0.48           52.509087
30  0.49           52.519522
31  0.50           52.530486
32  0.51           52.542042
33  0.52           52.554237
34  0.53           52.567102
35  0.54           52.580656
36  0.55           52.594901
37  0.56           52.609833
38  0.57           52.625431
39  0.58           52.641667
40  0.59           52.658503
41  0.60           52.675893
42  0.61           52.693783
43  0.62           52.712112
44  0.63           52.730816
45  0.64           52.749824
46  0.65           52.769061
47  0.66           52.788452
48  0.67           52.807917
49  0.68           52.827378
50  0.69           52.846755
51  0.70           52.865970
52  0.71           52.884946
53  0.72           52.903610
54  0.73           52.921893
55  0.74           52.939730
56  0.75           52.957062
57  0.76           52.973835
58  0.78           53.005539
59  0.79           53.020405
60  0.80           53.034589
61  0.81           53.048084
62  0.82           53.060899
63  0.83           53.073053
64  0.84           53.084581
65  0.85           53.095531
66  0.86           53.105970
67  0.87           53.115979
68  0.88           53.125658
69  0.89           53.135126
70  0.90           53.144523
71  0.91           53.154006
72  0.92           53.163758
73  0.93           53.173980
74  0.94           53.184901
75  0.95           53.196772
76  0.96           53.209869
77  0.97           53.224494
78  0.98           53.240979
79  0.99           53.259681
80  1.00           53.280988
2025-07-07 23:10:51.737572: Optimized Parameters (LSM): [1.12140025e+00 1.67191185e-02 1.73486340e-04 1.14888019e+00
 2.41562967e-17 2.82897816e-03 4.11826198e-05 1.00000028e-10
 9.99999996e-11 1.00000000e-10 1.00000000e-10 1.00000000e-10
 1.00000000e-10 1.00000000e-10 1.00000000e-10 1.00000000e-10
 1.00000000e-10 1.00000000e-10 1.00000000e-10 1.00000000e-10
 1.00000000e-10 1.12140104e+00 1.67195025e-02 1.73317627e-04
 1.14888015e+00 2.41562967e-17 3.44942979e-36 8.74473853e-36
 2.18225538e-39 3.78238664e-01 4.11118394e-05]
2025-07-07 23:10:51.737572: predicted_voltages_lsm_charging_v2
2025-07-07 23:10:51.739075: predicted
0.20	52.09
0.21	52.10
0.22	52.11
0.23	52.12
0.24	52.13
0.25	52.14
0.26	52.15
0.27	52.17
0.28	52.18
0.29	52.19
0.30	52.20
0.31	52.21
0.32	52.22
0.33	52.24
0.34	52.25
0.35	52.26
0.36	52.27
0.37	52.28
0.38	52.30
0.39	52.31
0.40	52.32
0.41	52.34
0.42	52.35
0.43	52.36
0.44	52.38
0.45	52.39
0.46	52.40
0.47	52.42
0.48	52.43
0.49	52.44
0.50	52.46
0.51	52.47
0.52	52.49
0.53	52.50
0.54	52.52
0.55	52.53
0.56	52.55
0.57	52.56
0.58	52.58
0.59	52.60
0.60	52.61
0.61	52.63
0.62	52.65
0.63	52.66
0.64	52.68
0.65	52.70
0.66	52.71
0.67	52.73
0.68	52.75
0.69	52.77
0.70	52.79
0.71	52.80
0.72	52.82
0.73	52.84
0.74	52.86
0.75	52.88
0.76	52.90
0.77	52.92
0.78	52.94
0.79	52.96
0.80	52.98
0.81	53.00
0.82	53.02
0.83	53.04
0.84	53.06
0.85	53.08
0.86	53.11
0.87	53.13
0.88	53.15
0.89	53.17
0.90	53.20
0.91	53.22
0.92	53.24
0.93	53.27
0.94	53.29
0.95	53.31
0.96	53.34
0.97	53.36
0.98	53.39
0.99	53.41
['mse: 0.1114', 'mae: 0.1447', 'pfg: 0.2749', 'r2: 0.4119', 'ks_p: 0.6953', 'ks_D: 0.1125', 'mape: 0.0028']
2025-07-07 23:12:14.003857: Optimized Parameters (GA): [ 1.01742387  4.06193608  0.92539604  1.07759872  0.          0.
  0.          0.12197994  0.11423443  0.46886664  0.17548581  0.14350742
  0.82394372  0.06088397  0.78361841  0.16505287  0.18341363  0.20737815
  0.          0.08809587  0.0934608   1.27835481  1.11479546  0.17636947
  1.07058635  0.          0.          0.          0.         11.30889191
  0.1545253 ]
2025-07-07 23:12:14.004854: predicted
0.20	52.08
0.21	52.09
0.22	52.10
0.23	52.11
0.24	52.13
0.25	52.14
0.26	52.15
0.27	52.16
0.28	52.17
0.29	52.18
0.30	52.19
0.31	52.21
0.32	52.22
0.33	52.23
0.34	52.24
0.35	52.26
0.36	52.27
0.37	52.28
0.38	52.29
0.39	52.31
0.40	52.32
0.41	52.33
0.42	52.35
0.43	52.36
0.44	52.37
0.45	52.39
0.46	52.40
0.47	52.42
0.48	52.43
0.49	52.44
0.50	52.46
0.51	52.47
0.52	52.49
0.53	52.50
0.54	52.52
0.55	52.53
0.56	52.55
0.57	52.57
0.58	52.58
0.59	52.60
0.60	52.61
0.61	52.63
0.62	52.65
0.63	52.66
0.64	52.68
0.65	52.70
0.66	52.72
0.67	52.73
0.68	52.75
0.69	52.77
0.70	52.79
0.71	52.81
0.72	52.82
0.73	52.84
0.74	52.86
0.75	52.88
0.76	52.90
0.77	52.92
0.78	52.94
0.79	52.96
0.80	52.98
0.81	53.00
0.82	53.02
0.83	53.04
0.84	53.06
0.85	53.09
0.86	53.11
0.87	53.13
0.88	53.15
0.89	53.17
0.90	53.20
0.91	53.22
0.92	53.24
0.93	53.26
0.94	53.29
0.95	53.31
0.96	53.34
0.97	53.36
0.98	53.38
0.99	53.41
['mse: 0.1106', 'mae: 0.1436', 'pfg: 0.2728', 'r2: 0.4162', 'ks_p: 0.8219', 'ks_D: 0.1000', 'mape: 0.0028']
