2025-07-22 08:42:23.706729: start test_discharging
2025-07-22 08:42:23.707729: battery_model

data_provider.file_path data_v3_02_11_to_06_10.xlsx
data_provider.cols ['Timestamp', 'SoC(%)', 'Battery Current(A)', 'Battery Voltage(V)']
data_provider.searching_current 10
data_provider.spread 2 [8:12]
2025-07-22 08:42:23.707729: read_excel
2025-07-22 08:42:34.040359: actual
      SoC  Battery Voltage(V)
0   0.20           51.245065
1   0.21           51.353828
2   0.22           51.449400
3   0.23           51.532996
4   0.24           51.605762
5   0.25           51.668783
6   0.26           51.723078
7   0.27           51.769605
8   0.28           51.809265
9   0.29           51.842897
10  0.30           51.871287
11  0.31           51.895166
12  0.32           51.915209
13  0.33           51.932044
14  0.34           51.946247
15  0.35           51.958346
16  0.36           51.968823
17  0.37           51.978115
18  0.38           51.986616
19  0.39           51.994680
20  0.40           52.002620
21  0.41           52.010710
22  0.42           52.019191
23  0.43           52.028265
24  0.44           52.038105
25  0.45           52.048849
26  0.46           52.060609
27  0.47           52.073464
28  0.48           52.087473
29  0.49           52.102664
30  0.50           52.119045
31  0.51           52.136604
32  0.52           52.155306
33  0.53           52.175100
34  0.54           52.195918
35  0.55           52.217677
36  0.56           52.240280
37  0.57           52.263622
38  0.58           52.287583
39  0.59           52.312040
40  0.60           52.336860
41  0.61           52.361906
42  0.62           52.387039
43  0.63           52.412117
44  0.64           52.436999
45  0.65           52.461547
46  0.66           52.485623
47  0.67           52.509097
48  0.68           52.531846
49  0.69           52.553754
50  0.70           52.574716
51  0.71           52.594637
52  0.72           52.613438
53  0.73           52.631055
54  0.74           52.647438
55  0.75           52.662558
56  0.76           52.676406
57  0.77           52.688992
58  0.78           52.700354
59  0.79           52.710551
60  0.80           52.719670
61  0.81           52.727827
62  0.82           52.735168
63  0.83           52.741870
64  0.84           52.748145
65  0.85           52.754237
66  0.86           52.760429
67  0.87           52.767042
68  0.88           52.774438
69  0.89           52.783017
70  0.90           52.793227
71  0.91           52.805558
72  0.92           52.820548
73  0.93           52.838782
74  0.94           52.860896
75  0.95           52.887578
76  0.96           52.919569
77  0.97           52.957663
78  0.98           53.002714
79  0.99           53.055631
80  1.00           53.117386
2025-07-22 08:43:59.955925: Optimized Parameters (GA): [4.20705392e-02 1.49813167e+00 1.55340535e+00 1.09621779e+00
 0.00000000e+00 0.00000000e+00 0.00000000e+00 5.83148961e-01
 4.59387469e-01 0.00000000e+00 4.78474455e-01 3.90021492e-03
 1.22513231e-01 5.62567365e-01 2.23511523e-01 3.88829102e-01
 1.61078258e-01 2.17564608e-01 3.00694085e-01 2.81657345e-01
 2.60441766e-01 2.39112955e-01 9.88685080e-01 8.77685773e-01
 1.03855691e+00 0.00000000e+00 0.00000000e+00 0.00000000e+00
 0.00000000e+00 4.85150532e+00 7.31417795e-03]
2025-07-22 08:43:59.956926: his_best_fitness: [(1, 0.3373935015175108), (2, 0.286899694877753), (3, 0.2693266546196541), (4, 0.26703295780882197), (5, 0.24348580155111021), (6, 0.24366165791851635), (7, 0.23253324321146024), (8, 0.22475528526206573), (9, 0.1795709068979262), (10, 0.1583834592025092), (11, 0.14468450002879407), (12, 0.13565984334699555), (13, 0.11816459554386677), (14, 0.11446317990490819), (15, 0.10465527334901198), (16, 0.07593871887795343), (17, 0.07495741613111073), (18, 0.06957038242659733), (19, 0.06821202224556941), (20, 0.06017796888169061), (21, 0.04326083191230959), (22, 0.03930865146329059), (23, 0.033571468003151805), (24, 0.03357146800315175), (25, 0.029273576179184593), (26, 0.029017412787099524), (27, 0.02875822413295586), (28, 0.02698361751932351), (29, 0.02659933255786375), (30, 0.02623689673719264), (31, 0.02606166067009841), (32, 0.025986350188076456), (33, 0.0259867698219597), (34, 0.025676728196237716), (35, 0.025521957994488698), (36, 0.025521957994488698), (37, 0.025216058781065292), (38, 0.025216058781065292), (39, 0.025215526721693568), (40, 0.025136032199594205), (41, 0.02500819133438518), (42, 0.02503639709992429), (43, 0.024921276144952417), (44, 0.024918433682370893), (45, 0.02483868115636894), (46, 0.024816643128229628), (47, 0.024633304856637006), (48, 0.02453321242597918), (49, 0.0244915591664224), (50, 0.024491559166422174), (51, 0.024457384551584863), (52, 0.024424965866587094), (53, 0.0243478868187395), (54, 0.024288409620140658), (55, 0.024142065937464117), (56, 0.024094531391352585), (57, 0.024094531391352585), (58, 0.02398779722583226), (59, 0.02398779722583226), (60, 0.02398779722583226), (61, 0.02398779722583226), (62, 0.023903222365184294), (63, 0.023867994190998526), (64, 0.023813159793217326), (65, 0.023813159793217326), (66, 0.023813159793217326), (67, 0.023813159793217284), (68, 0.02381315979321725), (69, 0.023762239595244705), (70, 0.023762239595244542), (71, 0.023629647134166838), (72, 0.02362720034168273), (73, 0.02359685568403861), (74, 0.023570423777157852), (75, 0.023549535587850057), (76, 0.02353990825414321), (77, 0.02342567441908591), (78, 0.023428087109503185), (79, 0.023421932454289633), (80, 0.023421932454289633), (81, 0.023304538069949775), (82, 0.023288535064416395), (83, 0.023283939629960056), (84, 0.0232753416011088), (85, 0.02326708368500896), (86, 0.023224220615707874), (87, 0.023213629287093487), (88, 0.023122603009322416), (89, 0.023033104402905097), (90, 0.023033466199052152), (91, 0.02293403593186106), (92, 0.02292298974952073), (93, 0.022841994189380353), (94, 0.0228383437942214), (95, 0.02272716238768202), (96, 0.022720640366523798), (97, 0.022781889906956503), (98, 0.022677082652939336), (99, 0.02266872704922227), (100, 0.022599199991982406), (101, 0.022606601139489202), (102, 0.022613444952673683), (103, 0.022604254804629194), (104, 0.02259301066340042), (105, 0.02253783897382932), (106, 0.022494078309166998), (107, 0.02248209866680049), (108, 0.02243747176179011), (109, 0.022372696472730127), (110, 0.02236527633348693), (111, 0.022334650008366038), (112, 0.022333708321080746), (113, 0.022328734232919038), (114, 0.022289716886900554), (115, 0.02228717527386987), (116, 0.022202374597787823), (117, 0.022132027928335143), (118, 0.022122477619563513), (119, 0.02213128334080818), (120, 0.022084946575747843), (121, 0.022084946575747843), (122, 0.022049126929618027), (123, 0.02203403530560538), (124, 0.022016780468785805), (125, 0.021976555626314113), (126, 0.021916128244443996), (127, 0.02191435380762695), (128, 0.021894619963366155), (129, 0.02189695467376246), (130, 0.021877086293954656), (131, 0.021872253715515627), (132, 0.021841342522418733), (133, 0.021771861993179986), (134, 0.021779159380697827), (135, 0.021778530285039524), (136, 0.021767388753872255), (137, 0.021766790915138133), (138, 0.021766780502547683), (139, 0.02174365011956167), (140, 0.021699024735271), (141, 0.02166058457526641), (142, 0.021652953937625886), (143, 0.021652514147693508), (144, 0.02165135010288631), (145, 0.021649525706040437), (146, 0.021632385166353532), (147, 0.02161105873429011), (148, 0.021605173422623258), (149, 0.021598671895807185), (150, 0.02159846918359829), (151, 0.021597872615943103), (152, 0.02153864109585809), (153, 0.021533807543809833), (154, 0.021528389791462137), (155, 0.021505476677930877), (156, 0.02150495665732713), (157, 0.021465469494206496), (158, 0.02148109624241422), (159, 0.02144033857129788), (160, 0.02143329786756578), (161, 0.021418008957905497), (162, 0.021375226746524926), (163, 0.021342884362278363), (164, 0.021271758456416275), (165, 0.021271758456416275), (166, 0.021252397480494994), (167, 0.02121254002681936), (168, 0.021171226176472314), (169, 0.021121980997736243), (170, 0.021125993392119208), (171, 0.021113561065037187), (172, 0.021111668471006144), (173, 0.021111668471006092), (174, 0.02108169923740473), (175, 0.021081699237404626), (176, 0.021073897170329543), (177, 0.02098207854988467), (178, 0.02098207854988467), (179, 0.02098207854988467), (180, 0.02098207854988467), (181, 0.02098207854988467), (182, 0.020966380454910775), (183, 0.02096466811499186), (184, 0.02096523593105721), (185, 0.020940489596620204), (186, 0.020928862297512), (187, 0.02090921608312088), (188, 0.020896395312295077), (189, 0.020896320640542664), (190, 0.020886987434014834), (191, 0.020806531496507776), (192, 0.020796913269575983), (193, 0.02073408050393145), (194, 0.02071665563781591), (195, 0.020673707156784536), (196, 0.02067203567723984), (197, 0.020623571081293368), (198, 0.0206114182596315), (199, 0.020611394801197825), (200, 0.020611394801197825), (201, 0.020601586913163234), (202, 0.020592988425332387), (203, 0.020547797466435074), (204, 0.020554329513308534), (205, 0.02052120674799297), (206, 0.020517054301899682), (207, 0.020517906739028917), (208, 0.020483468264973964), (209, 0.020482516228357794), (210, 0.020482516228357794), (211, 0.020481049147887627), (212, 0.020477437181276068), (213, 0.02046608956383224), (214, 0.020454828105655014), (215, 0.020454828105655014), (216, 0.020453844998063686), (217, 0.02045170321903062), (218, 0.020421461844012972), (219, 0.020424000777416337), (220, 0.020418242140287732), (221, 0.02039835898422855), (222, 0.02039462390933803), (223, 0.0203778287615847), (224, 0.02036742949081273), (225, 0.020355641773277717), (226, 0.020342644393828848), (227, 0.020312707714597096), (228, 0.02030800742715525), (229, 0.020299453733813196), (230, 0.020260425569769605), (231, 0.02027563602511427), (232, 0.02026256137037287), (233, 0.020251389801939596), (234, 0.02024982075954562), (235, 0.020246156998850177), (236, 0.02024067824059239), (237, 0.020216798097330915), (238, 0.020196775501031453), (239, 0.020174164338638473), (240, 0.020171607317330087), (241, 0.020167446935300697), (242, 0.020167446935300697), (243, 0.020157962817280696), (244, 0.020160557212965335), (245, 0.020156359777529248), (246, 0.020154591249993723), (247, 0.02013828801324077), (248, 0.020125604918124318), (249, 0.02007146640645683), (250, 0.02007146640645703), (251, 0.020048189738795387), (252, 0.02001958984804819), (253, 0.02001916284714235), (254, 0.020013780050653428), (255, 0.020010763500633112), (256, 0.02000897247916615), (257, 0.01996213972362402), (258, 0.019990394754487193), (259, 0.019985844016347346), (260, 0.019985844016347565), (261, 0.01998556637450613), (262, 0.019979146723612888), (263, 0.01997449252282551), (264, 0.019969663533698057), (265, 0.01995638636162845), (266, 0.019927557092582836), (267, 0.019917486995082577), (268, 0.019915928015394525), (269, 0.019889944689777957), (270, 0.019889944689777866), (271, 0.019883681251986203), (272, 0.019883681251986016), (273, 0.019864733411797585), (274, 0.019856060053049684), (275, 0.01985079491783287), (276, 0.019828574434570482), (277, 0.01981609757034846), (278, 0.019808962760292575), (279, 0.019802147377954618), (280, 0.019782958473631602), (281, 0.019763574096812345), (282, 0.019756082282859265), (283, 0.019756357822328825), (284, 0.01975601883728172), (285, 0.01974181845524487), (286, 0.019732949836931267), (287, 0.019732949836931267), (288, 0.019723821493592288), (289, 0.019716294914753456), (290, 0.019672092247585666), (291, 0.01965547764029412), (292, 0.01965547764029408), (293, 0.01964322521760833), (294, 0.019643582988057844), (295, 0.019644049834041374), (296, 0.019642748252280698), (297, 0.019619666444574153), (298, 0.01961161033922874), (299, 0.019609992195776887), (300, 0.019604320733928104), (301, 0.019584713358669688), (302, 0.01956119321126153), (303, 0.019561193211261475), (304, 0.019561193211261475), (305, 0.019560779115161384), (306, 0.019540616168982613), (307, 0.019532856397040412), (308, 0.01953185093987049), (309, 0.019526951085730843), (310, 0.019515227290274634), (311, 0.01950215664417334), (312, 0.019506163586165914), (313, 0.019502307731489678), (314, 0.01949326890252298), (315, 0.019474608980145088), (316, 0.0194661453024238), (317, 0.0194661453024238), (318, 0.019466145302423743), (319, 0.019449716619507035), (320, 0.01945635968602174), (321, 0.01945557217856824), (322, 0.01944516782443005), (323, 0.019433722873310036), (324, 0.019425816691562882), (325, 0.019430386195760107), (326, 0.01942814066353984), (327, 0.019422950053186942), (328, 0.019421351131557907), (329, 0.01942127100642929), (330, 0.01941221275201055), (331, 0.019398109826511415), (332, 0.019398109826511415), (333, 0.019383029945872654), (334, 0.01937965893163314), (335, 0.01937556276623882), (336, 0.019373195622532376), (337, 0.019361612099041817), (338, 0.019361612099041886), (339, 0.019355656414076286), (340, 0.019347913121384508), (341, 0.0193468550853527), (342, 0.019347728889311966), (343, 0.01934597016888783), (344, 0.0193337322926495), (345, 0.01933088452725268), (346, 0.019329600072968398), (347, 0.01932385464077877), (348, 0.019318591282072674), (349, 0.019317946816331564), (350, 0.019317259641501744), (351, 0.019313849068280153), (352, 0.01930957237729765), (353, 0.01930502351593255), (354, 0.01930238213797196), (355, 0.01930238213797196), (356, 0.019298354345253038), (357, 0.01929375741799204), (358, 0.01929211883636569), (359, 0.01927193953231495), (360, 0.0192679658959493), (361, 0.01926796589594907), (362, 0.01926198171625306), (363, 0.019255943775916017), (364, 0.019255943775916017), (365, 0.019251034499496097), (366, 0.019248990908660023), (367, 0.019245065031094008), (368, 0.01924475111079526), (369, 0.019232285192533345), (370, 0.0192325085651259), (371, 0.01923029466038715), (372, 0.019224648640482206), (373, 0.019224648640482206), (374, 0.01921671594816713), (375, 0.01921197657233175), (376, 0.019209358986492765), (377, 0.019205968576608008), (378, 0.01920435889325158), (379, 0.019204358893251405), (380, 0.01919867464221589), (381, 0.019197339104548378), (382, 0.01919743460480497), (383, 0.01919512432735558), (384, 0.019197316697884152), (385, 0.019196847370471615), (386, 0.01919373095932396), (387, 0.019188819843810375), (388, 0.019188324195560547), (389, 0.019181786602605208), (390, 0.019178408657243746), (391, 0.019174875912093582), (392, 0.019168972108200864), (393, 0.01916442144008284), (394, 0.019148450636545074), (395, 0.019145276203576884), (396, 0.019143458563535186), (397, 0.019143212980573743), (398, 0.019141692834141095), (399, 0.019135613522665407), (400, 0.01912744034482446)]
2025-07-22 08:43:59.958965: predicted
0.20	51.73
0.21	51.74
0.22	51.75
0.23	51.76
0.24	51.77
0.25	51.79
0.26	51.80
0.27	51.81
0.28	51.82
0.29	51.83
0.30	51.85
0.31	51.86
0.32	51.87
0.33	51.88
0.34	51.90
0.35	51.91
0.36	51.92
0.37	51.93
0.38	51.95
0.39	51.96
0.40	51.98
0.41	51.99
0.42	52.00
0.43	52.02
0.44	52.03
0.45	52.05
0.46	52.06
0.47	52.08
0.48	52.09
0.49	52.10
0.50	52.12
0.51	52.14
0.52	52.15
0.53	52.17
0.54	52.18
0.55	52.20
0.56	52.21
0.57	52.23
0.58	52.25
0.59	52.26
0.60	52.28
0.61	52.30
0.62	52.32
0.63	52.33
0.64	52.35
0.65	52.37
0.66	52.39
0.67	52.41
0.68	52.42
0.69	52.44
0.70	52.46
0.71	52.48
0.72	52.50
0.73	52.52
0.74	52.54
0.75	52.56
0.76	52.58
0.77	52.60
0.78	52.62
0.79	52.64
0.80	52.66
0.81	52.68
0.82	52.71
0.83	52.73
0.84	52.75
0.85	52.77
0.86	52.79
0.87	52.82
0.88	52.84
0.89	52.86
0.90	52.89
0.91	52.91
0.92	52.93
0.93	52.96
0.94	52.98
0.95	53.01
0.96	53.03
0.97	53.06
0.98	53.08
0.99	53.11
['mse: 0.0524', 'mae: 0.0962', 'pfg: 0.1839', 'r2: 0.7098', 'ks_p: 0.9220', 'ks_D: 0.0875', 'mape: 0.0018']
