2025-07-22 08:33:16.384862: start test_charging
2025-07-22 08:33:16.385864: battery_model

data_provider.file_path data_v3_02_11_to_06_10.xlsx
data_provider.cols ['Timestamp', 'SoC(%)', 'Battery Current(A)', 'Battery Voltage(V)']
data_provider.searching_current 1
data_provider.spread 1 [0:2]
2025-07-22 08:33:16.385864: read_excel
2025-07-22 08:33:26.757995: get_charging_data
2025-07-22 08:33:26.772997: actual
      SoC  Battery Voltage(V)
0   0.19           51.417529
1   0.20           51.625583
2   0.21           51.808875
3   0.22           51.969461
4   0.23           52.109296
5   0.24           52.230234
6   0.25           52.334031
7   0.26           52.422349
8   0.27           52.496757
9   0.28           52.558732
10  0.29           52.609664
11  0.30           52.650858
12  0.31           52.683534
13  0.32           52.708832
14  0.33           52.727811
15  0.34           52.741457
16  0.35           52.750679
17  0.36           52.756317
18  0.37           52.759137
19  0.38           52.759844
20  0.39           52.759073
21  0.40           52.757400
22  0.41           52.755339
23  0.42           52.753347
24  0.43           52.751827
25  0.44           52.751126
26  0.45           52.751543
27  0.46           52.753327
28  0.47           52.756684
29  0.48           52.761771
30  0.49           52.768710
31  0.52           52.801247
32  0.53           52.816034
33  0.56           52.871500
34  0.60           52.966912
35  0.61           52.993512
36  0.62           53.020820
37  0.63           53.048624
38  0.64           53.076705
39  0.65           53.104839
40  0.66           53.132804
41  0.67           53.160377
42  0.68           53.187338
43  0.69           53.213472
44  0.70           53.238574
45  0.71           53.262449
46  0.72           53.284912
47  0.73           53.305797
48  0.74           53.324952
49  0.75           53.342246
50  0.76           53.357571
51  0.77           53.370842
52  0.78           53.382001
53  0.79           53.391020
54  0.81           53.402681
55  0.82           53.405432
56  0.83           53.406265
57  0.85           53.402830
58  0.86           53.398997
59  0.87           53.394122
60  0.88           53.388545
61  0.89           53.382655
62  0.90           53.376899
63  0.91           53.371780
64  0.92           53.367861
65  0.93           53.365766
66  0.94           53.366185
67  0.95           53.369873
68  0.96           53.377655
69  0.97           53.390426
70  0.98           53.409156
71  0.99           53.434890
72  1.00           53.468752
2025-07-22 08:34:27.590659: Optimized Parameters (GA): [1.33359861 2.60534424 1.27168439 0.86345101 0.         0.
 0.06382945 0.52709912 0.66591086 0.88000175 0.05323892 0.55565877
 0.37004373 0.40338505 0.09417949 1.08422628 1.69397569 0.
 0.71359352 0.09796737 0.54846265 1.16068539 1.14930794 0.54200772
 0.87166307 0.         0.         0.         0.         6.28344289
 0.26549777]
2025-07-22 08:34:27.590659: his_best_fitness: [(1, 0.39085064408263004), (2, 0.34304921405135075), (3, 0.29200795341700136), (4, 0.25617297596203387), (5, 0.24428430656682254), (6, 0.18700756321074108), (7, 0.1602691266270477), (8, 0.14095961077190813), (9, 0.1261481519018866), (10, 0.11503741224034195), (11, 0.10501604878996486), (12, 0.10129527004898428), (13, 0.09443609037914014), (14, 0.0914668742988785), (15, 0.0902562880205406), (16, 0.08831626136916738), (17, 0.08601525096279622), (18, 0.08355192833321132), (19, 0.08252596051959787), (20, 0.08204723986667531), (21, 0.08201280548050768), (22, 0.08200753495263963), (23, 0.08200118055076501), (24, 0.0819980548930388), (25, 0.08194308365765396), (26, 0.08194285338647764), (27, 0.08173766198478666), (28, 0.08170306128615906), (29, 0.08167214500265045), (30, 0.08162833785436863), (31, 0.08160063020610893), (32, 0.0811887453170044), (33, 0.08109295763499139), (34, 0.08091427672106427), (35, 0.08077975851212618), (36, 0.08077973254297702), (37, 0.08072827463933059), (38, 0.08072827463933059), (39, 0.0807269181983867), (40, 0.08069413877928039), (41, 0.0804899962473168), (42, 0.08043799568899992), (43, 0.0803313159842857), (44, 0.0803247607860308), (45, 0.08031840515913177), (46, 0.08027000189716202), (47, 0.08025984652730386), (48, 0.08023105624585734), (49, 0.08013613519169109), (50, 0.0801061967343599), (51, 0.08008545609787271), (52, 0.07998627262429354), (53, 0.07998327518459114), (54, 0.07996611597044176), (55, 0.07996124340793812), (56, 0.07989180931439159), (57, 0.07976692301027175), (58, 0.07969930510711137), (59, 0.07968597623285849), (60, 0.07964414341430352), (61, 0.07964426066238331), (62, 0.07963945248038876), (63, 0.07961211010494706), (64, 0.07959348843097797), (65, 0.07957764003152384), (66, 0.07957767315839329), (67, 0.0795668250588269), (68, 0.07957016062876437), (69, 0.07914274528184354), (70, 0.07913038486918367), (71, 0.07911788435555951), (72, 0.07910026156597974), (73, 0.07907593475313907), (74, 0.079040630487088), (75, 0.07901074415147835), (76, 0.07894546235229119), (77, 0.07894546235229119), (78, 0.07872938436530241), (79, 0.07872917329519163), (80, 0.07872917329519163), (81, 0.0784463542248651), (82, 0.07872912022228071), (83, 0.07869149472408445), (84, 0.0786915755051101), (85, 0.07868530275583811), (86, 0.07841344041145665), (87, 0.07841336793047432), (88, 0.07838086954072236), (89, 0.07828701211220498), (90, 0.078284025460645), (91, 0.07825927744962444), (92, 0.07825908750415245), (93, 0.07825908472712353), (94, 0.07824686436088775), (95, 0.07824686436088758), (96, 0.07824264714912968), (97, 0.07823971446093167), (98, 0.07823640633254919), (99, 0.07822941208076878), (100, 0.07822330652740203), (101, 0.07822330652740203), (102, 0.07822330652740203), (103, 0.07822080700699816), (104, 0.07821282868100181), (105, 0.07821136668418216), (106, 0.07820674887639109), (107, 0.07820611096372809), (108, 0.07820267199832695), (109, 0.07819142916162265), (110, 0.07818849647312787), (111, 0.07818849647312787), (112, 0.07818849647312753), (113, 0.07818546534347785), (114, 0.07817462244601257), (115, 0.0781744427055936), (116, 0.07817364252485182), (117, 0.07816535362886093), (118, 0.07816280744675133), (119, 0.07815659618760702), (120, 0.0781516076512108), (121, 0.07814046393722751), (122, 0.07813098747160549), (123, 0.0781305887773171), (124, 0.0781305887773171), (125, 0.07812895587639662), (126, 0.07812896928013927), (127, 0.0781289692801394), (128, 0.07812893395050877), (129, 0.07812488274254437), (130, 0.07812278412356445), (131, 0.07811950102484277), (132, 0.07811658583097328), (133, 0.07811131509169916), (134, 0.07810722526176883), (135, 0.07810489469298423), (136, 0.07810170021452999), (137, 0.07809768003438718), (138, 0.07808696402310675), (139, 0.07808547629200482), (140, 0.07808005130258683), (141, 0.07807412356106425), (142, 0.07807414022926037), (143, 0.07807195233959886), (144, 0.07806751179684468), (145, 0.07805478088140674), (146, 0.07804877087673778), (147, 0.07804875446025766), (148, 0.07804060368338478), (149, 0.07803128091653547), (150, 0.07802952847836311), (151, 0.07802937439741875), (152, 0.07802845204560975), (153, 0.07802749796712102), (154, 0.078022518539584), (155, 0.07801819033242258), (156, 0.07801814980426361), (157, 0.07801492059595877), (158, 0.07801485392891697), (159, 0.07801485392891697), (160, 0.0780067185325417), (161, 0.07800351457983741), (162, 0.07800360481796625), (163, 0.07800343016964327), (164, 0.07800329192226116), (165, 0.07799415321728327), (166, 0.07799415321728327), (167, 0.07799415321728304), (168, 0.0779867469919053), (169, 0.07798616469418021), (170, 0.07798598453503693), (171, 0.07798493759255043), (172, 0.07798405090516525), (173, 0.07798207700660062), (174, 0.07798088468259014), (175, 0.0779782600711379), (176, 0.07797788629999318), (177, 0.0779684448045902), (178, 0.07796819390565754), (179, 0.07796083971110025), (180, 0.0779607782674124), (181, 0.07795414092947908), (182, 0.07795409023433962), (183, 0.0779530812458375), (184, 0.07795240574459578), (185, 0.07795250852228681), (186, 0.07794949909962547), (187, 0.07794845449090071), (188, 0.07794561663139017), (189, 0.07794252266833993), (190, 0.07794166389472384), (191, 0.07793801954932862), (192, 0.07793793416362554), (193, 0.07793469584919213), (194, 0.07793360502134844), (195, 0.07793093303401974), (196, 0.0779309330340201), (197, 0.07793000346120776), (198, 0.07792464792132722), (199, 0.07792065450403474), (200, 0.0779206163223757), (201, 0.07791913605410025), (202, 0.07790976811999245), (203, 0.07790807897535897), (204, 0.07790811747705537), (205, 0.07790555695897522), (206, 0.07790557306552248), (207, 0.07790504366031675), (208, 0.07789878436415518), (209, 0.0778965310664817), (210, 0.07789017690935415), (211, 0.07789015848425578), (212, 0.07788590402199062), (213, 0.07787706035350958), (214, 0.07787678426508793), (215, 0.0778743558621075), (216, 0.07786961723968937), (217, 0.07786961723968937), (218, 0.07786473817619342), (219, 0.07786462409129294), (220, 0.0778581101636701), (221, 0.07785810286464709), (222, 0.07785537292410377), (223, 0.0778547174740868), (224, 0.07785404476937488), (225, 0.0778525318159512), (226, 0.07785156645259161), (227, 0.07785218707118992), (228, 0.07785030224716852), (229, 0.07784923343802352), (230, 0.07784436247957655), (231, 0.07784423258990171), (232, 0.07784200901068307), (233, 0.0778385270476046), (234, 0.0778376394750028), (235, 0.07783456189265275), (236, 0.07783132460841788), (237, 0.0778308277727327), (238, 0.07782751655588618), (239, 0.07782607565212596), (240, 0.07782484783602647), (241, 0.07782025505594034), (242, 0.07781652992560523), (243, 0.0778146868437028), (244, 0.07781470476440963), (245, 0.07781152939282521), (246, 0.07780699757983228), (247, 0.07780465598050246), (248, 0.07780170111872493), (249, 0.07779959770968863), (250, 0.07779940457568042), (251, 0.07779770759736013), (252, 0.07779670186117624), (253, 0.07779653241848014), (254, 0.07779603677091852), (255, 0.07778745727709971), (256, 0.0777872449802593), (257, 0.07778061874148742), (258, 0.07777907242983123), (259, 0.07777877780241246), (260, 0.0777779919421687), (261, 0.07777784207479994), (262, 0.07777118859486878), (263, 0.07777076447641247), (264, 0.07776681831221322), (265, 0.07776681781434154), (266, 0.0777662553350377), (267, 0.0777633924457678), (268, 0.07776196484292268), (269, 0.07775965161405968), (270, 0.07775848215537187), (271, 0.07775732509737143), (272, 0.07775720790200788), (273, 0.07775525879403777), (274, 0.07775567166298947), (275, 0.07775034561240543), (276, 0.0777493045662125), (277, 0.07774930297836682), (278, 0.07774930297836682), (279, 0.07774735616468056), (280, 0.07774686388689807), (281, 0.07774443187427824), (282, 0.07774373107015761), (283, 0.07774370149830487), (284, 0.0777426690862964), (285, 0.0777424761624205), (286, 0.07773834932176987), (287, 0.0777383210175228), (288, 0.07773738337986993), (289, 0.07773675683711831), (290, 0.07773612718475788), (291, 0.07773603030188894), (292, 0.07773342095200397), (293, 0.0777328315625743), (294, 0.0777328315625743), (295, 0.0777326925647519), (296, 0.07773189314653711), (297, 0.07772976878457609), (298, 0.0777286944592547), (299, 0.0777256058104405), (300, 0.07772559699690751), (301, 0.07772496852355927), (302, 0.07772421187560263), (303, 0.07772075960020623), (304, 0.07772047630557122), (305, 0.07771984093212721), (306, 0.07771723812736919), (307, 0.07771591612054266), (308, 0.07771621486374025), (309, 0.07771355627627434), (310, 0.0777129416351426), (311, 0.07771096518989423), (312, 0.07770755597928472), (313, 0.07770567464662284), (314, 0.07770417128919634), (315, 0.07770416484545045), (316, 0.07770383918184126), (317, 0.07770369040874409), (318, 0.07770362642731665), (319, 0.07770362650170362), (320, 0.07770253809792588), (321, 0.07770153736421254), (322, 0.07770147681554332), (323, 0.07770140958931546), (324, 0.07770066631969402), (325, 0.07770066631969402), (326, 0.07770066631969422), (327, 0.07770059936478332), (328, 0.07769881683084975), (329, 0.07769586781112521), (330, 0.07769581224871136), (331, 0.07769549224591481), (332, 0.07769250502349315), (333, 0.07769122870851422), (334, 0.07769122870851422), (335, 0.07768958587161279), (336, 0.07768815516706526), (337, 0.077686365565165), (338, 0.07768628673469953), (339, 0.07768628326512156), (340, 0.07768478498752876), (341, 0.07768214040965288), (342, 0.07768213513977973), (343, 0.07768058448170287), (344, 0.0776781914656425), (345, 0.07767820402410056), (346, 0.07767848575274486), (347, 0.07767773670165132), (348, 0.07767541251756707), (349, 0.07767533330047835), (350, 0.07767531967857505), (351, 0.07767484973836772), (352, 0.07767342347106428), (353, 0.07767341248802695), (354, 0.07767326376264352), (355, 0.07767261711894766), (356, 0.07767214364677089), (357, 0.07767170898880973), (358, 0.0776717089888099), (359, 0.07767150609941789), (360, 0.07767042877905589), (361, 0.0776703058424406), (362, 0.07766792945860979), (363, 0.07766790930888132), (364, 0.07766788372538054), (365, 0.0776670537122923), (366, 0.07766705962144568), (367, 0.07766511476099383), (368, 0.07766443594347094), (369, 0.07766432169310236), (370, 0.07766412940810782), (371, 0.07766371313344553), (372, 0.07766369310980545), (373, 0.07766327839937301), (374, 0.07766323831374154), (375, 0.07766323831374154), (376, 0.07766099620943297), (377, 0.07766031798550799), (378, 0.07766001822047203), (379, 0.07765993397692625), (380, 0.07765958662990219), (381, 0.07765934386618042), (382, 0.07765894180325132), (383, 0.07765677992195161), (384, 0.07765624812143172), (385, 0.077656117609816), (386, 0.07765501470380168), (387, 0.07765485157382565), (388, 0.0776548515738258), (389, 0.07765335975093823), (390, 0.07765334530302663), (391, 0.07765268248472394), (392, 0.07765206124381809), (393, 0.07765096586586792), (394, 0.07765054037456066), (395, 0.07764980632920235), (396, 0.07764979070148209), (397, 0.07764930734109488), (398, 0.07764930589358196), (399, 0.07764930135859913), (400, 0.07764853224955653)]
2025-07-22 08:34:27.594660: predicted
0.20	52.40
0.21	52.41
0.22	52.42
0.23	52.44
0.24	52.45
0.25	52.46
0.26	52.47
0.27	52.48
0.28	52.49
0.29	52.51
0.30	52.52
0.31	52.53
0.32	52.54
0.33	52.55
0.34	52.57
0.35	52.58
0.36	52.59
0.37	52.60
0.38	52.62
0.39	52.63
0.40	52.64
0.41	52.66
0.42	52.67
0.43	52.68
0.44	52.70
0.45	52.71
0.46	52.72
0.47	52.74
0.48	52.75
0.49	52.76
0.50	52.78
0.51	52.79
0.52	52.81
0.53	52.82
0.54	52.84
0.55	52.85
0.56	52.87
0.57	52.88
0.58	52.90
0.59	52.91
0.60	52.93
0.61	52.94
0.62	52.96
0.63	52.97
0.64	52.99
0.65	53.01
0.66	53.02
0.67	53.04
0.68	53.06
0.69	53.07
0.70	53.09
0.71	53.11
0.72	53.12
0.73	53.14
0.74	53.16
0.75	53.18
0.76	53.19
0.77	53.21
0.78	53.23
0.79	53.25
0.80	53.27
0.81	53.28
0.82	53.30
0.83	53.32
0.84	53.34
0.85	53.36
0.86	53.38
0.87	53.40
0.88	53.42
0.89	53.44
0.90	53.46
0.91	53.48
0.92	53.50
0.93	53.52
0.94	53.54
0.95	53.56
0.96	53.58
0.97	53.60
0.98	53.63
0.99	53.65
['mse: 0.1496', 'mae: 0.1864', 'pfg: 0.3520', 'r2: 0.2735', 'ks_p: 0.1918', 'ks_D: 0.1806', 'mape: 0.0036']
