2025-07-07 23:27:27.922039: start test_charging
2025-07-07 23:27:27.923069: battery_model

data_provider.file_path data_v3_02_11_to_06_10.xlsx
data_provider.cols ['Timestamp', 'SoC(%)', 'Battery Current(A)', 'Battery Voltage(V)']
data_provider.searching_current 10
data_provider.spread 2 [8:12]
2025-07-07 23:27:27.923069: read_excel
2025-07-07 23:27:38.253306: get_charging_data
2025-07-07 23:27:38.267361: actual
      SoC  Battery Voltage(V)
0   0.23           52.704779
1   0.24           52.815203
2   0.25           52.909939
3   0.26           52.990540
4   0.27           53.058468
5   0.28           53.115099
6   0.29           53.161726
7   0.30           53.199557
8   0.31           53.229723
9   0.32           53.253275
10  0.33           53.271193
11  0.34           53.284379
12  0.35           53.293669
13  0.36           53.299830
14  0.37           53.303562
15  0.38           53.305502
16  0.39           53.306227
17  0.40           53.306256
18  0.41           53.306048
19  0.42           53.306013
20  0.43           53.306505
21  0.44           53.307832
22  0.45           53.310252
23  0.46           53.313982
24  0.47           53.319193
25  0.48           53.326018
26  0.49           53.334553
27  0.50           53.344857
28  0.51           53.356958
29  0.52           53.370851
30  0.53           53.386504
31  0.54           53.403861
32  0.55           53.422839
33  0.56           53.443335
34  0.57           53.465229
35  0.58           53.488381
36  0.59           53.512639
37  0.60           53.537840
38  0.61           53.563809
39  0.62           53.590365
40  0.63           53.617323
41  0.64           53.644493
42  0.65           53.671687
43  0.66           53.698719
44  0.67           53.725406
45  0.68           53.751573
46  0.69           53.777054
47  0.70           53.801695
48  0.71           53.825353
49  0.72           53.847906
50  0.73           53.869246
51  0.74           53.889289
52  0.75           53.907972
53  0.76           53.925259
54  0.77           53.941140
55  0.78           53.955637
56  0.79           53.968805
57  0.80           53.980732
58  0.81           53.991544
59  0.82           54.001406
60  0.83           54.010527
61  0.84           54.019157
62  0.85           54.027595
63  0.86           54.036188
64  0.87           54.045335
65  0.88           54.055487
66  0.89           54.067153
67  0.90           54.080897
68  0.91           54.097348
69  0.92           54.117195
70  0.93           54.141191
71  0.94           54.170161
72  0.95           54.204997
73  0.96           54.246662
74  0.97           54.296197
75  0.98           54.354717
76  0.99           54.423419
77  1.00           54.503579
2025-07-07 23:29:50.004989: Optimized Parameters (LSM): [2.91490938e-01 3.56700148e-02 3.64251188e-03 7.99287722e-01
 1.91479755e-02 1.21354532e-02 1.48150322e-03 9.99999999e-11
 1.00000000e-10 1.00000000e-10 1.00000000e-10 1.00000000e-10
 1.00000000e-10 1.00000000e-10 1.00000000e-10 1.00000000e-10
 1.00000000e-10 1.00000000e-10 1.00000000e-10 1.00000000e-10
 1.00000000e-10 1.22182082e-02 1.48730352e-03 1.51702637e-04
 9.00707415e-03 1.21354525e-02 1.62096893e-03 7.16292688e-04
 4.04944859e-04 2.39977761e-02 1.51154997e-04]
2025-07-07 23:29:50.005988: predicted_voltages_lsm_charging_v2
2025-07-07 23:29:50.006988: predicted
['mse: 19.8693', 'mae: 4.4564', 'pfg: 8.3111', 'r2: -127.9561', 'ks_p: 0.0000', 'ks_D: 1.0000', 'mape: 0.0831']
2025-07-07 23:31:10.050986: Optimized Parameters (GA): [0.25971701 0.26531786 0.         0.82182616 0.         0.07734497
 0.         0.02047305 0.32557878 0.27473582 0.312105   0.1530592
 0.14059273 0.00832106 0.32454123 0.46471002 0.17546378 0.40012168
 0.63490482 0.64511265 0.75090153 0.01720239 0.24281032 0.62951311
 0.47273841 0.21214314 0.         0.         0.         0.20200858
 0.        ]
2025-07-07 23:31:10.051985: predicted
0.20	52.99
0.21	53.00
0.22	53.01
0.23	53.02
0.24	53.04
0.25	53.05
0.26	53.06
0.27	53.07
0.28	53.09
0.29	53.10
0.30	53.11
0.31	53.13
0.32	53.14
0.33	53.15
0.34	53.17
0.35	53.18
0.36	53.20
0.37	53.21
0.38	53.22
0.39	53.24
0.40	53.25
0.41	53.27
0.42	53.28
0.43	53.30
0.44	53.31
0.45	53.33
0.46	53.34
0.47	53.36
0.48	53.37
0.49	53.39
0.50	53.40
0.51	53.42
0.52	53.44
0.53	53.45
0.54	53.47
0.55	53.49
0.56	53.50
0.57	53.52
0.58	53.54
0.59	53.55
0.60	53.57
0.61	53.59
0.62	53.60
0.63	53.62
0.64	53.64
0.65	53.66
0.66	53.67
0.67	53.69
0.68	53.71
0.69	53.73
0.70	53.75
0.71	53.77
0.72	53.79
0.73	53.80
0.74	53.82
0.75	53.84
0.76	53.86
0.77	53.88
0.78	53.90
0.79	53.92
0.80	53.94
0.81	53.96
0.82	53.98
0.83	54.00
0.84	54.02
0.85	54.04
0.86	54.07
0.87	54.09
0.88	54.11
0.89	54.13
0.90	54.15
0.91	54.17
0.92	54.20
0.93	54.22
0.94	54.24
0.95	54.26
0.96	54.29
0.97	54.31
0.98	54.33
0.99	54.36
['mse: 0.0057', 'mae: 0.0585', 'pfg: 0.1091', 'r2: 0.9631', 'ks_p: 0.5376', 'ks_D: 0.1299', 'mape: 0.0011']
