2025-07-25 16:19:43.237599: start test_discharging
2025-07-25 16:19:43.237599: battery_model

data_provider.file_path data_v3_02_11_to_06_10.xlsx
data_provider.cols ['Timestamp', 'SoC(%)', 'Battery Current(A)', 'Battery Voltage(V)']
data_provider.searching_current 2
data_provider.spread 1 [1:3]
2025-07-25 16:19:43.237599: read_excel
2025-07-25 16:19:54.051399: actual
      SoC  Battery Voltage(V)
0   0.23           51.686720
1   0.24           51.822897
2   0.25           51.941047
3   0.26           52.042861
4   0.27           52.129936
5   0.28           52.203774
6   0.29           52.265791
7   0.30           52.317314
8   0.31           52.359586
9   0.32           52.393768
10  0.33           52.420941
11  0.34           52.442109
12  0.35           52.458199
13  0.36           52.470069
14  0.37           52.478504
15  0.38           52.484223
16  0.39           52.487879
17  0.40           52.490062
18  0.41           52.491302
19  0.43           52.492787
20  0.44           52.493811
21  0.45           52.495458
22  0.46           52.497991
23  0.47           52.501629
24  0.48           52.506547
25  0.49           52.512880
26  0.50           52.520724
27  0.51           52.530137
28  0.52           52.541147
29  0.53           52.553747
30  0.54           52.567904
31  0.56           52.600620
32  0.57           52.618990
33  0.58           52.638539
34  0.59           52.659125
35  0.60           52.680594
36  0.61           52.702776
37  0.62           52.725494
38  0.63           52.748563
39  0.64           52.771794
40  0.65           52.794995
41  0.66           52.817977
42  0.67           52.840549
43  0.68           52.862530
44  0.69           52.883743
45  0.70           52.904022
46  0.71           52.923214
47  0.72           52.941181
48  0.73           52.957801
49  0.74           52.972973
50  0.75           52.986617
51  0.76           52.998677
52  0.77           53.009127
53  0.78           53.017968
54  0.79           53.025232
55  0.80           53.030986
56  0.81           53.035336
57  0.82           53.038423
58  0.83           53.040433
59  0.84           53.041594
60  0.85           53.042181
61  0.86           53.042517
62  0.87           53.042978
63  0.88           53.043992
64  0.89           53.046043
65  0.90           53.049674
66  0.91           53.055490
67  0.92           53.064158
68  0.93           53.076410
69  0.94           53.093049
70  0.95           53.114945
71  0.96           53.143044
72  0.97           53.178366
73  0.98           53.222009
74  0.99           53.275152
75  1.00           53.339056
2025-07-25 16:22:22.463514: Optimized Parameters (LSM): [ 4.94455446e-01  9.88934595e-03  1.97757525e-04  3.69359465e-01
  3.27762810e-01  6.55566686e-03  1.31089592e-04  0.00000000e+00
  0.00000000e+00  0.00000000e+00  0.00000000e+00  0.00000000e+00
  0.00000000e+00  0.00000000e+00  0.00000000e+00  0.00000000e+00
  0.00000000e+00  0.00000000e+00  0.00000000e+00  0.00000000e+00
  0.00000000e+00  1.85870682e-01  3.71745758e-03  7.43300277e-05
  8.84858464e-02  1.63886366e-01 -5.16486498e-01 -4.12281271e-01
 -5.53963892e-01 -3.27782295e-03  6.55106837e-05]
2025-07-25 16:22:22.464514: predicted_voltages_lsm_charging_v2
2025-07-25 16:22:22.465516: predicted
0.20	51.97
0.21	51.99
0.22	52.02
0.23	52.04
0.24	52.07
0.25	52.09
0.26	52.11
0.27	52.14
0.28	52.16
0.29	52.18
0.30	52.20
0.31	52.23
0.32	52.25
0.33	52.27
0.34	52.29
0.35	52.31
0.36	52.33
0.37	52.35
0.38	52.37
0.39	52.39
0.40	52.41
0.41	52.43
0.42	52.45
0.43	52.47
0.44	52.49
0.45	52.50
0.46	52.52
0.47	52.54
0.48	52.56
0.49	52.57
0.50	52.59
0.51	52.61
0.52	52.62
0.53	52.64
0.54	52.65
0.55	52.67
0.56	52.69
0.57	52.70
0.58	52.72
0.59	52.73
0.60	52.74
0.61	52.76
0.62	52.77
0.63	52.79
0.64	52.80
0.65	52.81
0.66	52.83
0.67	52.84
0.68	52.85
0.69	52.87
0.70	52.88
0.71	52.89
0.72	52.90
0.73	52.92
0.74	52.93
0.75	52.94
0.76	52.95
0.77	52.96
0.78	52.97
0.79	52.99
0.80	53.00
0.81	53.01
0.82	53.02
0.83	53.03
0.84	53.04
0.85	53.05
0.86	53.06
0.87	53.07
0.88	53.08
0.89	53.09
0.90	53.10
0.91	53.11
0.92	53.12
0.93	53.13
0.94	53.14
0.95	53.15
0.96	53.16
0.97	53.17
0.98	53.18
0.99	53.19
['mse: 0.0074', 'mae: 0.0636', 'pfg: 0.1207', 'r2: 0.9366', 'ks_p: 0.6562', 'ks_D: 0.1200', 'mape: 0.0012']
2025-07-25 16:22:31.301829: Optimized Parameters (GA): [0.48843995 0.12508206 0.51579903 0.51448658 0.12253222 0.39503949
 0.45921947 0.26346256 0.28608032 0.03625005 0.         0.35634617
 0.         0.         0.34912028 0.22583496 0.43707665 0.41345173
 0.03009344 0.46857142 0.02883525 0.48443754 0.         0.
 0.19910142 0.         0.01702015 0.         0.01966522 0.05283487
 0.        ]
2025-07-25 16:22:31.301829: his_best_fitness: [(1, 0.1628305050911868), (2, 0.13107330178819915), (3, 0.11779565186191807), (4, 0.11022214668698824)]
2025-07-25 16:22:31.302828: predicted
0.20	52.55
0.21	52.55
0.22	52.56
0.23	52.56
0.24	52.56
0.25	52.57
0.26	52.57
0.27	52.57
0.28	52.58
0.29	52.58
0.30	52.59
0.31	52.59
0.32	52.59
0.33	52.60
0.34	52.60
0.35	52.61
0.36	52.61
0.37	52.61
0.38	52.62
0.39	52.62
0.40	52.63
0.41	52.63
0.42	52.63
0.43	52.64
0.44	52.64
0.45	52.65
0.46	52.65
0.47	52.66
0.48	52.66
0.49	52.66
0.50	52.67
0.51	52.67
0.52	52.68
0.53	52.68
0.54	52.69
0.55	52.69
0.56	52.70
0.57	52.70
0.58	52.71
0.59	52.71
0.60	52.72
0.61	52.72
0.62	52.72
0.63	52.73
0.64	52.73
0.65	52.74
0.66	52.74
0.67	52.75
0.68	52.75
0.69	52.76
0.70	52.76
0.71	52.77
0.72	52.77
0.73	52.78
0.74	52.78
0.75	52.79
0.76	52.79
0.77	52.80
0.78	52.80
0.79	52.81
0.80	52.82
0.81	52.82
0.82	52.83
0.83	52.83
0.84	52.84
0.85	52.84
0.86	52.85
0.87	52.85
0.88	52.86
0.89	52.86
0.90	52.87
0.91	52.88
0.92	52.88
0.93	52.89
0.94	52.89
0.95	52.90
0.96	52.90
0.97	52.91
0.98	52.92
0.99	52.92
['mse: 0.0590', 'mae: 0.1962', 'pfg: 0.3723', 'r2: 0.4931', 'ks_p: 0.0000', 'ks_D: 0.4000', 'mape: 0.0037']
