2025-07-25 16:49:01.525122: start test_charging
2025-07-25 16:49:01.525122: battery_model

data_provider.file_path data_v3_02_11_to_06_10.xlsx
data_provider.cols ['Timestamp', 'SoC(%)', 'Battery Current(A)', 'Battery Voltage(V)']
data_provider.searching_current 30
data_provider.spread 1 [29:31]
2025-07-25 16:49:01.526121: read_excel
2025-07-25 16:49:11.893787: get_charging_data
2025-07-25 16:49:11.906787: actual
      SoC  Battery Voltage(V)
0   0.35           53.838906
1   0.37           53.853166
2   0.38           53.855905
3   0.39           53.856748
4   0.40           53.856367
5   0.42           53.854241
6   0.43           53.853472
7   0.44           53.853437
8   0.45           53.854459
9   0.46           53.856803
10  0.47           53.860677
11  0.48           53.866238
12  0.49           53.873590
13  0.50           53.882797
14  0.51           53.893875
15  0.52           53.906806
16  0.53           53.921532
17  0.54           53.937967
18  0.55           53.955994
19  0.56           53.975470
20  0.57           53.996234
21  0.58           54.018102
22  0.59           54.040879
23  0.60           54.064356
24  0.61           54.088317
25  0.62           54.112541
26  0.63           54.136805
27  0.64           54.160890
28  0.65           54.184581
29  0.66           54.207672
30  0.67           54.229971
31  0.68           54.251301
32  0.69           54.271504
33  0.70           54.290444
34  0.71           54.308012
35  0.72           54.324130
36  0.73           54.338750
37  0.74           54.351863
38  0.75           54.363499
39  0.76           54.373730
40  0.77           54.382675
41  0.78           54.390505
42  0.79           54.397444
43  0.80           54.403770
44  0.81           54.409825
45  0.82           54.416013
46  0.83           54.422805
47  0.84           54.430744
48  0.85           54.440445
49  0.86           54.452603
50  0.87           54.467992
51  0.88           54.487470
52  0.89           54.511984
53  0.90           54.542571
54  0.91           54.580365
55  0.92           54.626595
56  0.93           54.682593
57  0.94           54.749796
58  0.95           54.829747
59  0.96           54.924104
60  0.97           55.034638
2025-07-25 16:51:05.737809: Optimized Parameters (LSM): [-1.43347051e-01 -4.30089465e-02 -1.29031184e-02 -2.28368466e-01
  8.00348722e-02  2.40122296e-02  7.20382875e-03  0.00000000e+00
  0.00000000e+00  0.00000000e+00  0.00000000e+00  0.00000000e+00
  0.00000000e+00  0.00000000e+00  0.00000000e+00  0.00000000e+00
  0.00000000e+00  0.00000000e+00  0.00000000e+00  0.00000000e+00
  0.00000000e+00 -2.66463358e-03 -7.99391482e-04 -2.39817473e-04
 -3.10783467e-05 -2.66810034e-03  8.12979245e-02  1.14257564e-01
  1.24153739e-01  8.00430937e-04 -2.40129202e-04]
2025-07-25 16:51:05.737809: predicted_voltages_lsm_charging_v2
2025-07-25 16:51:05.738810: predicted
['mse: 0.0035', 'mae: 0.0455', 'pfg: 0.0839', 'r2: 0.9583', 'ks_p: 0.6648', 'ks_D: 0.1333', 'mape: 0.0008']
2025-07-25 16:51:55.877927: Optimized Parameters (GA): [0.00000000e+00 0.00000000e+00 0.00000000e+00 3.24210157e-01
 0.00000000e+00 0.00000000e+00 3.36615487e-04 8.37600591e-01
 3.59566875e-02 7.43491007e-02 3.13204954e-01 3.57735802e-02
 6.02245724e-01 6.12604202e-01 2.09841808e-01 1.14075859e+00
 1.33264253e-01 1.55095551e-01 1.59313811e-01 1.47164741e-01
 3.20882011e-01 5.99184583e-01 7.43315362e-01 8.77980147e-01
 4.45015162e-01 1.40470952e+00 7.32101218e-01 3.42596542e-01
 5.50430246e-01 0.00000000e+00 9.97864645e-01]
2025-07-25 16:51:55.878927: his_best_fitness: [(1, 9.266718890478643), (2, 4.938106955195635), (3, 4.547964950896345), (4, 3.7932247451915724), (5, 3.549574828923415), (6, 3.2836393097343946), (7, 2.4878115287096114), (8, 1.9381590678741216), (9, 1.813471326394799), (10, 1.6585562424420615), (11, 1.1498344708619024), (12, 0.964273877105701), (13, 0.5919800903994189), (14, 0.4120366057095147), (15, 0.2861441693126305), (16, 0.14723526356432673), (17, 0.056717614723266724), (18, 0.008298531429923109), (19, 0.007508098196944436), (20, 0.006933546980068424), (21, 0.006933546980068264), (22, 0.006783861959070668), (23, 0.0067838619590705595), (24, 0.006780942060835018), (25, 0.006778213742901074), (26, 0.006778213742901074), (27, 0.006757182988887826), (28, 0.006743390315922396), (29, 0.006743390315922396), (30, 0.006748083255242281), (31, 0.006751760729508121), (32, 0.006714661269745644), (33, 0.006714661269745644), (34, 0.0067043195513942335), (35, 0.006692853166184361), (36, 0.006685874812517643), (37, 0.006685874812517523), (38, 0.006685874812517444), (39, 0.006685874812517444), (40, 0.006685874812517444), (41, 0.006685874812517444), (42, 0.006683916145312239), (43, 0.006681855067318828), (44, 0.006681855067318816), (45, 0.006681855067318816), (46, 0.006681855067318816), (47, 0.0066720430883050455), (48, 0.006672043088304871), (49, 0.006668050369574591), (50, 0.006668050369574242), (51, 0.006668050369574242), (52, 0.006668050369574242), (53, 0.0066584740264343), (54, 0.0066584740264343), (55, 0.0066584740264343), (56, 0.0066584740264343), (57, 0.0066584740264343), (58, 0.0066584740264343), (59, 0.0066584740264343), (60, 0.0066584740264343), (61, 0.0066584740264343), (62, 0.0066584740264343), (63, 0.0066584740264343), (64, 0.0066584740264343), (65, 0.006612032682627514), (66, 0.006596380270107604), (67, 0.006596380270107604), (68, 0.006596380270107604), (69, 0.006596380270107604), (70, 0.006596380270107604), (71, 0.006596380270107604), (72, 0.006590574631641252), (73, 0.006590574631641012), (74, 0.006590574631641012), (75, 0.006583642567010665), (76, 0.006589416239017119), (77, 0.006524460346889522), (78, 0.006524460346889522), (79, 0.0065224022717659), (80, 0.006522402271765816), (81, 0.006522402271765816), (82, 0.00652239629922784), (83, 0.00651214172858927), (84, 0.006512141728589166), (85, 0.006512141728588946), (86, 0.006512141728588946), (87, 0.006512141728588946), (88, 0.0065115208700258585), (89, 0.0065102064256711105), (90, 0.006510206425670925), (91, 0.006510206425670925), (92, 0.006509570829583251), (93, 0.0065092342036506354), (94, 0.006509234203650389), (95, 0.006509234203650389), (96, 0.006508881034827512), (97, 0.006508881034827496), (98, 0.006508838400646152), (99, 0.0065088384006461095), (100, 0.006508838400645775), (101, 0.006508838400645775), (102, 0.006497549223265417), (103, 0.006486608584720834), (104, 0.006486608584720834), (105, 0.006485416324782188), (106, 0.0064854163247823485), (107, 0.006485365561535604), (108, 0.00648514114943088), (109, 0.006478682178251691), (110, 0.006478682178251691), (111, 0.006483854138177331), (112, 0.006483854138177331), (113, 0.006483854138177331), (114, 0.006479711579839929), (115, 0.0064170525682061205), (116, 0.006417052568206065), (117, 0.006417052568205928), (118, 0.006417052568205928), (119, 0.006417052568205928), (120, 0.006417029028290051), (121, 0.006417029028290051), (122, 0.006416174476047682), (123, 0.006413014534663209), (124, 0.006413014534663133), (125, 0.006413014534663043), (126, 0.0064124814650191415), (127, 0.006412481465019068), (128, 0.006412481465019068), (129, 0.006412481465019068), (130, 0.006412481465019068), (131, 0.006412481465019068), (132, 0.006412481465019068), (133, 0.006412481465019068), (134, 0.006412481465019068), (135, 0.006412481465019068), (136, 0.006412481465019068), (137, 0.006412481465019068), (138, 0.006412481465019068), (139, 0.006412481465019068), (140, 0.006412481465019068), (141, 0.006412481465018972), (142, 0.0064123817037960865), (143, 0.006411884622007813), (144, 0.0064118846220077), (145, 0.0064118846220077), (146, 0.0064118846220077), (147, 0.006399181991822212), (148, 0.006399181991822146), (149, 0.006391554953008749), (150, 0.006380563479589159), (151, 0.0063805634795890565), (152, 0.006380563479589076), (153, 0.006379552488159886), (154, 0.006378643467967389), (155, 0.006378643467967267), (156, 0.00637864346796726), (157, 0.006375334396599836), (158, 0.006375334396599761), (159, 0.006375334396599761), (160, 0.006375334396599761), (161, 0.006375334396599761), (162, 0.006374460180588222), (163, 0.006374460180587975), (164, 0.006374460180587975), (165, 0.006374460180587975), (166, 0.006374335126597401), (167, 0.006374183277138148), (168, 0.006374183277138041), (169, 0.006374183277138041), (170, 0.006374183277138041), (171, 0.006374183277138111), (172, 0.006374183277138041), (173, 0.006374183277138041), (174, 0.006374076738624135), (175, 0.006374076738624387), (176, 0.006373916572156314), (177, 0.0063739165721561205), (178, 0.0063739165721561205), (179, 0.0063729141386375905), (180, 0.006372914138637564), (181, 0.006372914138637346), (182, 0.006372914138637346), (183, 0.006372914138637346), (184, 0.006372914138637346), (185, 0.006364912157793933), (186, 0.006372914138637346), (187, 0.006372914138637346), (188, 0.0063726314836791784), (189, 0.006372351198026725), (190, 0.0063723511980265275), (191, 0.0063723511980265275), (192, 0.0063723511980265275), (193, 0.0063723511980265275), (194, 0.006369525178823731), (195, 0.006369525178823558), (196, 0.006369525178823558), (197, 0.006369525178823558), (198, 0.006367901650737947), (199, 0.00636790165073795), (200, 0.0063647298967140125), (201, 0.006364252133046266), (202, 0.006364729896713888), (203, 0.006363973031957706), (204, 0.006363846195275501), (205, 0.006358547326109106), (206, 0.006358547326108993), (207, 0.006358547326108993), (208, 0.006358547326108993), (209, 0.006358547326108993), (210, 0.006358547326108993), (211, 0.006358547326108993), (212, 0.006358547326108993), (213, 0.006358547326108993), (214, 0.006355432877418929), (215, 0.006355432877418929), (216, 0.006355432877418929), (217, 0.006345349160267272), (218, 0.006345349160267272), (219, 0.006345349160267272), (220, 0.006345349160267272), (221, 0.006345018312871643), (222, 0.006345018312871514), (223, 0.006345018312871514), (224, 0.006344512766075148), (225, 0.006343227116388314), (226, 0.006343191472183645), (227, 0.0063431914721836305), (228, 0.006343191472183645), (229, 0.006343191472183613), (230, 0.0063426369768283565), (231, 0.006342636976828079), (232, 0.006342636976828079), (233, 0.0063426069317960255), (234, 0.0063426069317958945), (235, 0.0063424804952737866), (236, 0.0063424804952737), (237, 0.006342459050998308), (238, 0.006342221789201085), (239, 0.00634177363118632), (240, 0.006341773631186352), (241, 0.006341773631186352), (242, 0.006341736780512393), (243, 0.0063416475742181354), (244, 0.006341647574218007), (245, 0.006341647574218059), (246, 0.006341647574218059), (247, 0.006341640759892469), (248, 0.006341647574218059), (249, 0.006341647574218059), (250, 0.006341647574218059), (251, 0.006341647574218059), (252, 0.006341647574218059), (253, 0.00632663556902464), (254, 0.006341647574218059), (255, 0.0063415017526596805), (256, 0.0063415017526596805), (257, 0.00633901873466731), (258, 0.00633901873466731), (259, 0.00633901873466731), (260, 0.00633901873466731), (261, 0.006338892592082979), (262, 0.006326677578744945), (263, 0.006323369593281279), (264, 0.00632336959328122), (265, 0.00632336959328122), (266, 0.006322229362520004), (267, 0.006322229362519813), (268, 0.006322229362519813), (269, 0.006322229362519813), (270, 0.00632195283094102), (271, 0.00632195283094102), (272, 0.00632195283094102), (273, 0.00632195283094102), (274, 0.006321952830941002), (275, 0.006319806912902208), (276, 0.0063198069129024575), (277, 0.006319806912902208), (278, 0.006319723244335277), (279, 0.006319723244335131), (280, 0.0063195234556724465), (281, 0.006318452842142072), (282, 0.006317298895242237), (283, 0.006318452842142079), (284, 0.006318452842141909), (285, 0.006318452842141893), (286, 0.006318452842141893), (287, 0.006317952462740672), (288, 0.0063051350672543895), (289, 0.00630498427353159), (290, 0.006304984273531596), (291, 0.006304984273531471), (292, 0.006304984273531471), (293, 0.006304984273531471), (294, 0.00630498427353143), (295, 0.00630498427353143), (296, 0.00630498427353143), (297, 0.0063039280563191614), (298, 0.006303928056319119), (299, 0.00630392805631908), (300, 0.00630392805631908), (301, 0.00630392805631908), (302, 0.00630392805631908), (303, 0.00630392805631908), (304, 0.00630335782158622), (305, 0.0063031483734917754), (306, 0.0063031483734917754), (307, 0.006298500183428572), (308, 0.006298163025234097), (309, 0.006298163025233774), (310, 0.006297505352144126), (311, 0.0062925061221021025), (312, 0.006292506122101919), (313, 0.006292244852341931), (314, 0.0062922448523418184), (315, 0.0062922448523418184), (316, 0.006292244852341705), (317, 0.006285098625627537), (318, 0.006285098625627423), (319, 0.006285098625627494), (320, 0.006285098625627384), (321, 0.006284645693998546), (322, 0.006284645693998463), (323, 0.006284645693998419), (324, 0.006272478827080584), (325, 0.006272457144343863), (326, 0.006272457144343777), (327, 0.006272150433436617), (328, 0.006267311577737647), (329, 0.006267311577737406), (330, 0.006267311577737406), (331, 0.006267296813296751), (332, 0.006267311577737441), (333, 0.006267311577737441), (334, 0.00626573858389979), (335, 0.006265738583899787), (336, 0.006265738583899787), (337, 0.006265738583899787), (338, 0.006265738583899758), (339, 0.006265549274371512), (340, 0.006264795543933421), (341, 0.006264795543933387), (342, 0.006264795543933387), (343, 0.006264727138241458), (344, 0.006264727138241194), (345, 0.006264542688171611), (346, 0.006263190951697176), (347, 0.006263190951697103), (348, 0.006259246149717058), (349, 0.006251090120055466), (350, 0.0062510017892356854), (351, 0.006250457167245205), (352, 0.006250323704971018), (353, 0.006249875568564237), (354, 0.006246439614793674), (355, 0.006245859399370954), (356, 0.006245859399370567), (357, 0.006242018060254513), (358, 0.0062415160773629), (359, 0.006237352581434598), (360, 0.006237352581434706), (361, 0.0062373525814342235), (362, 0.006237166655588491), (363, 0.006236853860253586), (364, 0.0062363238340861875), (365, 0.006236016008340963), (366, 0.00623601600834117), (367, 0.006236016008340893), (368, 0.0062357319733242714), (369, 0.006236016008341096), (370, 0.0062355983863573), (371, 0.006235352534388209), (372, 0.006234914176999699), (373, 0.006235352534388185), (374, 0.006235124612501723), (375, 0.006233689796712812), (376, 0.006233689796712504), (377, 0.006233689796712504), (378, 0.006233689796712278), (379, 0.006233493288909795), (380, 0.006233493288909748), (381, 0.006232180667205466), (382, 0.006232180667205067), (383, 0.006232180667205067), (384, 0.006231625540957969), (385, 0.006231625540957686), (386, 0.006231535962091583), (387, 0.006231625540957686), (388, 0.0062301796312313985), (389, 0.006229896294396288), (390, 0.0062293631639994615), (391, 0.006229363163999493), (392, 0.006228734100665673), (393, 0.006228642715034236), (394, 0.006228349715670036), (395, 0.0062283497156696), (396, 0.006226295640986907), (397, 0.006225855680668448), (398, 0.0062258556806683), (399, 0.006225244567338006), (400, 0.006225244567338013)]
2025-07-25 16:51:55.884702: predicted
0.20	53.68
0.21	53.69
0.22	53.69
0.23	53.70
0.24	53.71
0.25	53.71
0.26	53.72
0.27	53.73
0.28	53.73
0.29	53.74
0.30	53.75
0.31	53.75
0.32	53.76
0.33	53.77
0.34	53.78
0.35	53.79
0.36	53.80
0.37	53.80
0.38	53.81
0.39	53.82
0.40	53.83
0.41	53.84
0.42	53.85
0.43	53.86
0.44	53.87
0.45	53.88
0.46	53.89
0.47	53.90
0.48	53.91
0.49	53.92
0.50	53.94
0.51	53.95
0.52	53.96
0.53	53.97
0.54	53.98
0.55	54.00
0.56	54.01
0.57	54.02
0.58	54.04
0.59	54.05
0.60	54.07
0.61	54.08
0.62	54.09
0.63	54.11
0.64	54.12
0.65	54.14
0.66	54.16
0.67	54.17
0.68	54.19
0.69	54.21
0.70	54.22
0.71	54.24
0.72	54.26
0.73	54.28
0.74	54.29
0.75	54.31
0.76	54.33
0.77	54.35
0.78	54.37
0.79	54.39
0.80	54.41
0.81	54.43
0.82	54.45
0.83	54.47
0.84	54.50
0.85	54.52
0.86	54.54
0.87	54.56
0.88	54.59
0.89	54.61
0.90	54.64
0.91	54.66
0.92	54.68
0.93	54.71
0.94	54.73
0.95	54.76
0.96	54.79
0.97	54.81
0.98	54.84
0.99	54.87
['mse: 0.0030', 'mae: 0.0461', 'pfg: 0.0851', 'r2: 0.9637', 'ks_p: 0.9284', 'ks_D: 0.1000', 'mape: 0.0008']
