2025-07-22 08:37:49.254645: start test_charging
2025-07-22 08:37:49.254645: battery_model

data_provider.file_path data_v3_02_11_to_06_10.xlsx
data_provider.cols ['Timestamp', 'SoC(%)', 'Battery Current(A)', 'Battery Voltage(V)']
data_provider.searching_current 30
data_provider.spread 2 [28:32]
2025-07-22 08:37:49.254645: read_excel
2025-07-22 08:37:59.691232: get_charging_data
2025-07-22 08:37:59.705285: actual
      SoC  Battery Voltage(V)
0   0.35           53.821960
1   0.37           53.826181
2   0.38           53.826075
3   0.39           53.825250
4   0.40           53.824196
5   0.41           53.823343
6   0.42           53.823059
7   0.43           53.823660
8   0.44           53.825408
9   0.45           53.828514
10  0.46           53.833145
11  0.47           53.839421
12  0.48           53.847422
13  0.49           53.857190
14  0.50           53.868730
15  0.51           53.882016
16  0.52           53.896991
17  0.53           53.913572
18  0.54           53.931649
19  0.55           53.951094
20  0.56           53.971759
21  0.57           53.993480
22  0.58           54.016081
23  0.59           54.039376
24  0.60           54.063170
25  0.61           54.087266
26  0.62           54.111464
27  0.63           54.135566
28  0.64           54.159379
29  0.65           54.182715
30  0.66           54.205398
31  0.67           54.227263
32  0.68           54.248162
33  0.69           54.267964
34  0.70           54.286560
35  0.71           54.303866
36  0.72           54.319823
37  0.73           54.334403
38  0.74           54.347611
39  0.75           54.359486
40  0.76           54.370107
41  0.77           54.379592
42  0.78           54.388106
43  0.79           54.395857
44  0.80           54.403107
45  0.81           54.410166
46  0.82           54.417403
47  0.83           54.425244
48  0.84           54.434175
49  0.85           54.444746
50  0.86           54.457576
51  0.87           54.473351
52  0.88           54.492830
53  0.89           54.516849
54  0.90           54.546319
55  0.91           54.582234
56  0.92           54.625671
57  0.93           54.677795
58  0.94           54.739858
59  0.95           54.813207
60  0.96           54.899282
61  0.97           54.999621
2025-07-22 08:40:16.539537: Optimized Parameters (GA): [0.0099153  0.15566045 0.48947665 0.93244175 0.         0.
 0.         0.08932522 0.25504425 0.22314898 0.19596745 0.79310757
 0.15608089 0.66097486 0.2411888  0.16620537 0.52931367 0.21226486
 0.7082966  0.25668185 0.25420973 0.20913037 0.14736919 0.94874027
 0.23256853 0.45871561 0.2828634  0.10200122 0.27693109 0.4602396
 0.        ]
2025-07-22 08:40:16.540538: his_best_fitness: [(1, 21.70437980258884), (2, 11.572959211334405), (3, 0.37966749610917644), (4, 0.13157092403137605), (5, 0.13157092403137605), (6, 0.1083411194613021), (7, 0.0737284035532764), (8, 0.05778289820978595), (9, 0.027568385653542176), (10, 0.027568385653542176), (11, 0.02130965744661669), (12, 0.006732634153578688), (13, 0.005557142617900445), (14, 0.005486255999828006), (15, 0.005498506973675895), (16, 0.005487662681144442), (17, 0.0054554475390491955), (18, 0.0054554475390491955), (19, 0.005434887134854845), (20, 0.005407254437069681), (21, 0.005434887134854845), (22, 0.00543523233741109), (23, 0.0054103344958826745), (24, 0.005437948811393074), (25, 0.005402726745358478), (26, 0.005390228028282177), (27, 0.005390228028282102), (28, 0.005390228028282108), (29, 0.005388656366048739), (30, 0.005387773697134823), (31, 0.0053856357566947075), (32, 0.005367947252897229), (33, 0.005334848945835843), (34, 0.005334848945835729), (35, 0.0053323477179278884), (36, 0.0053323477179278884), (37, 0.005330124243207704), (38, 0.005331185655533617), (39, 0.005331185655533503), (40, 0.005331185655533503), (41, 0.005327555958074973), (42, 0.005327555958074967), (43, 0.005327555958074967), (44, 0.005326823616765668), (45, 0.005326823616765668), (46, 0.005326823616765668), (47, 0.005326823616765668), (48, 0.005326823616765668), (49, 0.005326823616765668), (50, 0.005326823616765668), (51, 0.005326823616765668), (52, 0.005326823616765668), (53, 0.005326823616765668), (54, 0.005326823616765668), (55, 0.005326823616765668), (56, 0.005326823616765668), (57, 0.005326823616765668), (58, 0.005326823616765668), (59, 0.005326628107980543), (60, 0.005326628107980602), (61, 0.005326628107980602), (62, 0.005326628107980543), (63, 0.005326628107980543), (64, 0.005326628107980453), (65, 0.005326628107980453), (66, 0.005326628107980453), (67, 0.005326628107980453), (68, 0.005326628107980453), (69, 0.005326628107980453), (70, 0.005326628107980453), (71, 0.005326628107980453), (72, 0.005326628107980453), (73, 0.005326628107980453), (74, 0.005326628107980453), (75, 0.005326628107980453), (76, 0.005326628107980453), (77, 0.005326628107980453), (78, 0.005326628107980453), (79, 0.005326628107980453), (80, 0.005326628107980453), (81, 0.005326628107980453), (82, 0.005326628107980369), (83, 0.005326628107980369), (84, 0.005326628107980369), (85, 0.005326628107980369), (86, 0.005326628107980369), (87, 0.005326628107980369), (88, 0.005326628107980369), (89, 0.005326628107980369), (90, 0.005326628107980369), (91, 0.005326628107980369), (92, 0.005326628107980369), (93, 0.005326628107980369), (94, 0.005326628107980369), (95, 0.005326628107980369), (96, 0.005326628107980369), (97, 0.005326628107980369), (98, 0.005326628107980369), (99, 0.005326628107980369), (100, 0.005326628107980369), (101, 0.005326628107980369), (102, 0.005326628107980369), (103, 0.005326628107980369), (104, 0.005326627817603556), (105, 0.00532662781760336), (106, 0.00532662781760336), (107, 0.00532662781760336), (108, 0.00532662781760336), (109, 0.00532662781760336), (110, 0.00532662781760336), (111, 0.00532662781760336), (112, 0.00532662781760336), (113, 0.005326627817603319), (114, 0.00532662781760335), (115, 0.00532662781760331), (116, 0.00532662781760331), (117, 0.00532662781760331), (118, 0.00532662281278398), (119, 0.005326622812783971), (120, 0.005326622812783971), (121, 0.005326622812783971), (122, 0.005326622812783971), (123, 0.005326622812783971), (124, 0.005326622812783971), (125, 0.005326622812783971), (126, 0.005326622812783971), (127, 0.005326622812783971), (128, 0.005326622812783971), (129, 0.005326622812783954), (130, 0.005326622812783954), (131, 0.005326622812783954), (132, 0.005326622812783954), (133, 0.005326622812783954), (134, 0.005326622812783883), (135, 0.005326622812783883), (136, 0.005326622812783883), (137, 0.005326622812783883), (138, 0.005326622812783883), (139, 0.005326622812783883), (140, 0.005326622812783883), (141, 0.005326622812783883), (142, 0.005326622812783883), (143, 0.005326622812783883), (144, 0.005326622812783883), (145, 0.005326622812783883), (146, 0.005326622812783883), (147, 0.005326622812783883), (148, 0.005326622812783883), (149, 0.005326622812783883), (150, 0.005326622812783883), (151, 0.005326622812783883), (152, 0.005326622812783883), (153, 0.005326622812783883), (154, 0.00532662281278402), (155, 0.005326622812783883), (156, 0.00532662281278402), (157, 0.00532662281278402), (158, 0.00532662281278402), (159, 0.005326622812783958), (160, 0.005326622812783939), (161, 0.0053266228127839405), (162, 0.005326324298098343), (163, 0.005326324298098227), (164, 0.005326284590112395), (165, 0.005326284590112293), (166, 0.005326284590112259), (167, 0.005326284590112288), (168, 0.005326284590112259), (169, 0.005326284590112293), (170, 0.005326284590112293), (171, 0.005326284590112293), (172, 0.005326284590112286), (173, 0.005326284590112293), (174, 0.005326284590112293), (175, 0.005326284590112293), (176, 0.005326284590112293), (177, 0.005326284590112248), (178, 0.005326284590112248), (179, 0.005326284590112248), (180, 0.005326284590112248), (181, 0.005326203788510582), (182, 0.005326203788510582), (183, 0.005326203788510582), (184, 0.005326203788510582), (185, 0.005326203788510582), (186, 0.005326203788510582), (187, 0.005326203788510582), (188, 0.005326203788510582), (189, 0.005326203788510582), (190, 0.005326203788510582), (191, 0.005326203788510582), (192, 0.005326203788510582), (193, 0.005326203788510582), (194, 0.005326203788510582), (195, 0.005326203788510582), (196, 0.005326203788510582), (197, 0.005326203788510582), (198, 0.005326203788510582), (199, 0.005326203788510582), (200, 0.005326203788510699), (201, 0.005326203788510607), (202, 0.005326203788510688), (203, 0.005326203788510688), (204, 0.005326203788510688), (205, 0.0053257577042495115), (206, 0.005325757704249487), (207, 0.005325757704249487), (208, 0.00532575770424938), (209, 0.00532575770424938), (210, 0.00532575770424938), (211, 0.00532575770424938), (212, 0.00532575770424938), (213, 0.00532575770424938), (214, 0.00532575770424938), (215, 0.00532575770424938), (216, 0.00532575770424938), (217, 0.00532575770424938), (218, 0.00532575770424938), (219, 0.00532575770424938), (220, 0.00532575770424938), (221, 0.00532575770424938), (222, 0.00532575770424938), (223, 0.00532575770424938), (224, 0.00532575770424938), (225, 0.00532575770424938), (226, 0.00532575770424938), (227, 0.005325757704249378), (228, 0.005325757704249378), (229, 0.005325757704249378), (230, 0.005325757704249378), (231, 0.005325757704249378), (232, 0.005325757704249378), (233, 0.005325757704249378), (234, 0.005325757704249378), (235, 0.005325757704249378), (236, 0.005325757704249378), (237, 0.005325757704249365), (238, 0.005325757704249365), (239, 0.005325757704249365), (240, 0.005325757704249365), (241, 0.005325757704249365), (242, 0.005325757704249365), (243, 0.005325757704249365), (244, 0.005325757704249365), (245, 0.005325757704249365), (246, 0.005325757704249365), (247, 0.0053257577042493745), (248, 0.0053257577042493745), (249, 0.0053257577042493745), (250, 0.0053257577042493745), (251, 0.0053257577042493745), (252, 0.0053257577042493745), (253, 0.0053257577042493745), (254, 0.0053257577042493745), (255, 0.0053257577042493745), (256, 0.0053257577042493745), (257, 0.0053257577042493745), (258, 0.0053257577042493745), (259, 0.0053257577042493745), (260, 0.005325757704249508), (261, 0.005325757704249508), (262, 0.005325757704249466), (263, 0.0053257577042494), (264, 0.0053257577042494), (265, 0.0053257577042494), (266, 0.0053257577042494), (267, 0.0053257577042494), (268, 0.005325744193710576), (269, 0.0053257577042494), (270, 0.0053257577042494), (271, 0.0053257577042494), (272, 0.005325724567539814), (273, 0.00532572570449684), (274, 0.005325725704496697), (275, 0.0053257257044966), (276, 0.0053257257044966), (277, 0.0053257257044966), (278, 0.0053257257044966), (279, 0.0053257257044966), (280, 0.0053257257044966), (281, 0.0053257257044966), (282, 0.0053257257044966), (283, 0.0053257257044966), (284, 0.0053257257044966), (285, 0.0053257257044966), (286, 0.0053257257044966), (287, 0.0053257257044966), (288, 0.0053257257044966), (289, 0.0053257257044966), (290, 0.0053257257044966), (291, 0.0053257257044966), (292, 0.0053257257044966), (293, 0.0053257257044966), (294, 0.0053257257044966), (295, 0.0053257257044966), (296, 0.0053257257044966), (297, 0.0053257257044966), (298, 0.00532572235747668), (299, 0.0053257257044966), (300, 0.0053257257044966), (301, 0.0053257257044966), (302, 0.0053257257044966), (303, 0.0053257257044966), (304, 0.0053257257044966), (305, 0.0053257257044966), (306, 0.0053257257044966), (307, 0.0053257257044966), (308, 0.0053257257044966), (309, 0.0053257257044966), (310, 0.0053257257044966), (311, 0.0053257257044966), (312, 0.0053257257044966), (313, 0.0053257257044966), (314, 0.0053257257044966), (315, 0.0053257257044966), (316, 0.0053257257044966), (317, 0.0053257257044966), (318, 0.0053257257044966), (319, 0.0053257257044966), (320, 0.0053257257044966), (321, 0.0053257257044966), (322, 0.0053257257044966), (323, 0.0053257257044966), (324, 0.005325672607382636), (325, 0.005325672607382641), (326, 0.005325631364429371), (327, 0.005325631364429371), (328, 0.005325631364429371), (329, 0.005325631364429371), (330, 0.005325631364429371), (331, 0.005325631364429371), (332, 0.00532563136442937), (333, 0.005325562218750775), (334, 0.005325562218750775), (335, 0.005325562218750666), (336, 0.00532556221875079), (337, 0.005325562218750822), (338, 0.005325562218750791), (339, 0.005325562218750791), (340, 0.005325562218750791), (341, 0.005325562218750721), (342, 0.005325512751148942), (343, 0.0053255127511488195), (344, 0.00532547971767639), (345, 0.00532547971767639), (346, 0.005325512751148946), (347, 0.005325512751148909), (348, 0.005325512751148946), (349, 0.005325512751148909), (350, 0.005325512751148909), (351, 0.005325508083051973), (352, 0.005325482305460099), (353, 0.005325482305460099), (354, 0.0053254823054599745), (355, 0.005325463752091671), (356, 0.005325463752091613), (357, 0.005325463752091581), (358, 0.005325463752091541), (359, 0.005325463752091581), (360, 0.005325463752091581), (361, 0.005325463752091563), (362, 0.005325463752091504), (363, 0.00532546375209144), (364, 0.00532546375209144), (365, 0.005325458533674721), (366, 0.00532545853367462), (367, 0.00532545853367462), (368, 0.005325455202995967), (369, 0.005325458533674493), (370, 0.005325458533674493), (371, 0.005325458533674578), (372, 0.005325458533674547), (373, 0.005325458533674547), (374, 0.005325458533674547), (375, 0.005325458533674547), (376, 0.005325455401012962), (377, 0.005325455401012962), (378, 0.005325455401012962), (379, 0.005325455401012962), (380, 0.005325455401012962), (381, 0.005325455401012906), (382, 0.005325455401012906), (383, 0.005325455401012938), (384, 0.005325455401012917), (385, 0.005325455401012917), (386, 0.005325455401012917), (387, 0.005325455401012917), (388, 0.005325455401012917), (389, 0.005325455401012917), (390, 0.005325455401012917), (391, 0.005325455401012917), (392, 0.005325455401012917), (393, 0.005325455401012917), (394, 0.005325455401012917), (395, 0.005325455401012917), (396, 0.005325455401012917), (397, 0.005325455220923349), (398, 0.005325455220923349), (399, 0.005325455220923349), (400, 0.005325455220923349)]
2025-07-22 08:40:16.543598: predicted
0.20	53.67
0.21	53.67
0.22	53.68
0.23	53.68
0.24	53.69
0.25	53.69
0.26	53.70
0.27	53.70
0.28	53.71
0.29	53.72
0.30	53.72
0.31	53.73
0.32	53.74
0.33	53.75
0.34	53.75
0.35	53.76
0.36	53.77
0.37	53.78
0.38	53.79
0.39	53.80
0.40	53.81
0.41	53.82
0.42	53.83
0.43	53.84
0.44	53.85
0.45	53.86
0.46	53.87
0.47	53.88
0.48	53.89
0.49	53.91
0.50	53.92
0.51	53.93
0.52	53.94
0.53	53.96
0.54	53.97
0.55	53.98
0.56	54.00
0.57	54.01
0.58	54.03
0.59	54.04
0.60	54.06
0.61	54.07
0.62	54.09
0.63	54.10
0.64	54.12
0.65	54.14
0.66	54.15
0.67	54.17
0.68	54.19
0.69	54.20
0.70	54.22
0.71	54.24
0.72	54.26
0.73	54.28
0.74	54.29
0.75	54.31
0.76	54.33
0.77	54.35
0.78	54.37
0.79	54.39
0.80	54.41
0.81	54.43
0.82	54.45
0.83	54.48
0.84	54.50
0.85	54.52
0.86	54.54
0.87	54.56
0.88	54.59
0.89	54.61
0.90	54.63
0.91	54.66
0.92	54.68
0.93	54.70
0.94	54.73
0.95	54.75
0.96	54.78
0.97	54.80
0.98	54.83
0.99	54.85
['mse: 0.0027', 'mae: 0.0440', 'pfg: 0.0812', 'r2: 0.9692', 'ks_p: 0.8211', 'ks_D: 0.1148', 'mape: 0.0008']
