2025-07-29 21:30:34.336839: start test_charging
2025-07-29 21:30:34.337839: battery_model

data_provider.file_path data_v3_02_11_to_06_10.xlsx
data_provider.cols ['Timestamp', 'SoC(%)', 'Battery Current(A)', 'Battery Voltage(V)']
data_provider.searching_current 20
data_provider.spread 1 [19:21]
2025-07-29 21:30:34.337839: read_excel
2025-07-29 21:30:45.357130: get_charging_data
2025-07-29 21:30:45.370641: actual
      SoC  Battery Voltage(V)
0   0.28           53.479058
1   0.29           53.507501
2   0.30           53.528982
3   0.31           53.544591
4   0.34           53.565866
5   0.35           53.567267
6   0.36           53.567048
7   0.37           53.565836
8   0.38           53.564192
9   0.39           53.562611
10  0.40           53.561526
11  0.41           53.561312
12  0.42           53.562286
13  0.43           53.564712
14  0.44           53.568803
15  0.45           53.574723
16  0.46           53.582593
17  0.47           53.592488
18  0.48           53.604447
19  0.49           53.618468
20  0.50           53.634519
21  0.51           53.652532
22  0.52           53.672415
23  0.53           53.694047
24  0.54           53.717283
25  0.55           53.741962
26  0.56           53.767901
27  0.57           53.794905
28  0.58           53.822765
29  0.59           53.851265
30  0.60           53.880181
31  0.61           53.909286
32  0.62           53.938351
33  0.63           53.967151
34  0.64           53.995465
35  0.65           54.023077
36  0.66           54.049785
37  0.67           54.075398
38  0.68           54.099741
39  0.69           54.122658
40  0.70           54.144014
41  0.71           54.163699
42  0.72           54.181629
43  0.73           54.197750
44  0.74           54.212040
45  0.75           54.224514
46  0.76           54.235224
47  0.77           54.244262
48  0.79           54.257915
49  0.80           54.262945
50  0.81           54.267140
51  0.82           54.270837
52  0.83           54.274434
53  0.84           54.278387
54  0.85           54.283217
55  0.86           54.289508
56  0.87           54.297915
57  0.88           54.309165
58  0.89           54.324057
59  0.90           54.343469
60  0.91           54.368358
61  0.92           54.399763
62  0.93           54.438809
63  0.94           54.486710
64  0.95           54.544768
65  0.96           54.614384
66  0.97           54.697049
67  0.98           54.794358
2025-07-29 21:32:59.525089: Optimized Parameters (LSM): [-1.76112137e-01 -3.52264868e-02 -7.04545876e-03 -2.74101680e-01
  8.58410064e-02  1.71703225e-02  3.43415187e-03  0.00000000e+00
  0.00000000e+00  0.00000000e+00  0.00000000e+00  0.00000000e+00
  0.00000000e+00  0.00000000e+00  0.00000000e+00  0.00000000e+00
  0.00000000e+00  0.00000000e+00  0.00000000e+00  0.00000000e+00
  0.00000000e+00 -4.27753429e-03 -8.55512830e-04 -1.71102551e-04
 -1.35126664e-04 -4.29268003e-03  1.14442451e-01  1.52175825e-01
  1.57154772e-01  8.58542562e-04 -1.71708162e-04]
2025-07-29 21:32:59.525089: predicted_voltages_lsm_charging_v2
2025-07-29 21:32:59.526092: predicted
0.20	53.31
0.21	53.32
0.22	53.33
0.23	53.35
0.24	53.36
0.25	53.37
0.26	53.39
0.27	53.40
0.28	53.41
0.29	53.42
0.30	53.44
0.31	53.45
0.32	53.47
0.33	53.48
0.34	53.49
0.35	53.51
0.36	53.52
0.37	53.53
0.38	53.55
0.39	53.56
0.40	53.58
0.41	53.59
0.42	53.61
0.43	53.62
0.44	53.64
0.45	53.65
0.46	53.66
0.47	53.68
0.48	53.69
0.49	53.71
0.50	53.73
0.51	53.74
0.52	53.76
0.53	53.77
0.54	53.79
0.55	53.80
0.56	53.82
0.57	53.84
0.58	53.85
0.59	53.87
0.60	53.88
0.61	53.90
0.62	53.92
0.63	53.93
0.64	53.95
0.65	53.97
0.66	53.99
0.67	54.00
0.68	54.02
0.69	54.04
0.70	54.06
0.71	54.07
0.72	54.09
0.73	54.11
0.74	54.13
0.75	54.15
0.76	54.17
0.77	54.18
0.78	54.20
0.79	54.22
0.80	54.24
0.81	54.26
0.82	54.28
0.83	54.30
0.84	54.32
0.85	54.34
0.86	54.36
0.87	54.38
0.88	54.40
0.89	54.42
0.90	54.44
0.91	54.46
0.92	54.48
0.93	54.50
0.94	54.52
0.95	54.54
0.96	54.57
0.97	54.59
0.98	54.61
0.99	54.63
['mse: 0.0046', 'mae: 0.0593', 'pfg: 0.1100', 'r2: 0.9606', 'ks_p: 0.9535', 'ks_D: 0.0896', 'mape: 0.0011']
