2025-07-29 21:27:34.101203: start test_charging
2025-07-29 21:27:34.102205: battery_model

data_provider.file_path data_v3_02_11_to_06_10.xlsx
data_provider.cols ['Timestamp', 'SoC(%)', 'Battery Current(A)', 'Battery Voltage(V)']
data_provider.searching_current 10
data_provider.spread 1 [9:11]
2025-07-29 21:27:34.102205: read_excel
2025-07-29 21:27:45.119896: get_charging_data
2025-07-29 21:27:45.130092: actual
      SoC  Battery Voltage(V)
0   0.25           52.840455
1   0.26           52.940830
2   0.27           53.025527
3   0.28           53.096209
4   0.29           53.154435
5   0.30           53.201670
6   0.31           53.239281
7   0.32           53.268544
8   0.33           53.290643
9   0.34           53.306679
10  0.35           53.317665
11  0.36           53.324536
12  0.37           53.328146
13  0.38           53.329275
14  0.39           53.328628
15  0.40           53.326843
16  0.41           53.324486
17  0.42           53.322064
18  0.43           53.320017
19  0.44           53.318729
20  0.45           53.318526
21  0.46           53.319682
22  0.47           53.322419
23  0.48           53.326912
24  0.49           53.333291
25  0.50           53.341641
26  0.51           53.352011
27  0.52           53.364411
28  0.53           53.378817
29  0.54           53.395174
30  0.55           53.413399
31  0.56           53.433383
32  0.57           53.454994
33  0.58           53.478079
34  0.59           53.502468
35  0.60           53.527978
36  0.61           53.554412
37  0.62           53.581564
38  0.63           53.609224
39  0.64           53.637175
40  0.65           53.665203
41  0.66           53.693093
42  0.67           53.720637
43  0.68           53.747633
44  0.69           53.773890
45  0.70           53.799230
46  0.71           53.823492
47  0.72           53.846532
48  0.73           53.868228
49  0.74           53.888484
50  0.75           53.907228
51  0.76           53.924420
52  0.77           53.940052
53  0.78           53.954152
54  0.79           53.966785
55  0.80           53.978058
56  0.81           53.988121
57  0.82           53.997170
58  0.83           54.005451
59  0.84           54.013263
60  0.85           54.020959
61  0.86           54.028948
62  0.87           54.037702
63  0.88           54.047755
64  0.89           54.059707
65  0.90           54.074226
66  0.91           54.092052
67  0.92           54.114000
68  0.93           54.140962
69  0.94           54.173909
70  0.95           54.213894
71  0.96           54.262057
72  0.97           54.319626
73  0.98           54.387918
74  0.99           54.468347
75  1.00           54.562420
2025-07-29 21:30:15.849731: Optimized Parameters (LSM): [-2.19080333e-01 -2.19104764e-02 -2.19107398e-03 -3.27655227e-01
  5.68876360e-02  5.69013909e-03  5.69027220e-04  0.00000000e+00
  0.00000000e+00  0.00000000e+00  0.00000000e+00  0.00000000e+00
  0.00000000e+00  0.00000000e+00  0.00000000e+00  0.00000000e+00
  0.00000000e+00  0.00000000e+00  0.00000000e+00  0.00000000e+00
  0.00000000e+00 -5.53706224e-03 -5.53724977e-04 -5.53664942e-05
 -1.20591466e-03 -5.69013856e-03  1.94095386e-01  2.49946342e-01
  2.59579972e-01  5.69030800e-04 -5.68999473e-05]
2025-07-29 21:30:15.854989: predicted_voltages_lsm_charging_v2
2025-07-29 21:30:15.854989: predicted
0.20	53.03
0.21	53.04
0.22	53.05
0.23	53.06
0.24	53.07
0.25	53.08
0.26	53.10
0.27	53.11
0.28	53.12
0.29	53.13
0.30	53.14
0.31	53.16
0.32	53.17
0.33	53.18
0.34	53.19
0.35	53.21
0.36	53.22
0.37	53.23
0.38	53.24
0.39	53.26
0.40	53.27
0.41	53.28
0.42	53.30
0.43	53.31
0.44	53.33
0.45	53.34
0.46	53.35
0.47	53.37
0.48	53.38
0.49	53.40
0.50	53.41
0.51	53.43
0.52	53.44
0.53	53.46
0.54	53.47
0.55	53.49
0.56	53.51
0.57	53.52
0.58	53.54
0.59	53.55
0.60	53.57
0.61	53.59
0.62	53.60
0.63	53.62
0.64	53.64
0.65	53.66
0.66	53.67
0.67	53.69
0.68	53.71
0.69	53.73
0.70	53.74
0.71	53.76
0.72	53.78
0.73	53.80
0.74	53.82
0.75	53.84
0.76	53.86
0.77	53.88
0.78	53.90
0.79	53.92
0.80	53.94
0.81	53.96
0.82	53.98
0.83	54.00
0.84	54.02
0.85	54.04
0.86	54.06
0.87	54.09
0.88	54.11
0.89	54.13
0.90	54.15
0.91	54.17
0.92	54.20
0.93	54.22
0.94	54.24
0.95	54.27
0.96	54.29
0.97	54.32
0.98	54.34
0.99	54.36
['mse: 0.0050', 'mae: 0.0587', 'pfg: 0.1094', 'r2: 0.9645', 'ks_p: 0.5204', 'ks_D: 0.1333', 'mape: 0.0011']
