2025-07-22 08:40:37.401152: start test_discharging
2025-07-22 08:40:37.401152: battery_model

data_provider.file_path data_v3_02_11_to_06_10.xlsx
data_provider.cols ['Timestamp', 'SoC(%)', 'Battery Current(A)', 'Battery Voltage(V)']
data_provider.searching_current 1
data_provider.spread 1 [0:2]
2025-07-22 08:40:37.401152: read_excel
2025-07-22 08:40:47.945315: actual
      SoC  Battery Voltage(V)
0   0.19           51.365712
1   0.20           51.492658
2   0.21           51.607239
3   0.22           51.710383
4   0.23           51.802976
5   0.24           51.885860
6   0.25           51.959837
7   0.26           52.025670
8   0.27           52.084080
9   0.28           52.135752
10  0.29           52.181334
11  0.30           52.221435
12  0.31           52.256632
13  0.32           52.287464
14  0.33           52.314440
15  0.34           52.338032
16  0.35           52.358684
17  0.36           52.376808
18  0.37           52.392786
19  0.38           52.406970
20  0.39           52.419687
21  0.40           52.431234
22  0.41           52.441883
23  0.42           52.451882
24  0.43           52.461451
25  0.44           52.470792
26  0.45           52.480081
27  0.46           52.489473
28  0.47           52.499103
29  0.48           52.509087
30  0.49           52.519522
31  0.50           52.530486
32  0.51           52.542042
33  0.52           52.554237
34  0.53           52.567102
35  0.54           52.580656
36  0.55           52.594901
37  0.56           52.609833
38  0.57           52.625431
39  0.58           52.641667
40  0.59           52.658503
41  0.60           52.675893
42  0.61           52.693783
43  0.62           52.712112
44  0.63           52.730816
45  0.64           52.749824
46  0.65           52.769061
47  0.66           52.788452
48  0.67           52.807917
49  0.68           52.827378
50  0.69           52.846755
51  0.70           52.865970
52  0.71           52.884946
53  0.72           52.903610
54  0.73           52.921893
55  0.74           52.939730
56  0.75           52.957062
57  0.76           52.973835
58  0.78           53.005539
59  0.79           53.020405
60  0.80           53.034589
61  0.81           53.048084
62  0.82           53.060899
63  0.83           53.073053
64  0.84           53.084581
65  0.85           53.095531
66  0.86           53.105970
67  0.87           53.115979
68  0.88           53.125658
69  0.89           53.135126
70  0.90           53.144523
71  0.91           53.154006
72  0.92           53.163758
73  0.93           53.173980
74  0.94           53.184901
75  0.95           53.196772
76  0.96           53.209869
77  0.97           53.224494
78  0.98           53.240979
79  0.99           53.259681
80  1.00           53.280988
2025-07-22 08:42:10.739169: Optimized Parameters (GA): [9.82048430e-01 2.85456722e+00 7.53111872e-01 1.10034896e+00
 0.00000000e+00 0.00000000e+00 2.21353651e-01 8.32640529e-02
 2.42530504e-01 2.12797935e-01 4.67695778e-01 1.71567418e+00
 2.13498515e-04 2.76811663e-01 2.65318905e-01 1.87825356e-01
 1.51498580e-01 1.21732345e+00 6.55312222e-01 5.58148744e-01
 1.93786832e-01 1.29135747e+00 1.89439513e+00 7.81632586e-01
 1.08751535e+00 0.00000000e+00 0.00000000e+00 0.00000000e+00
 0.00000000e+00 8.49015630e+00 0.00000000e+00]
2025-07-22 08:42:10.739169: his_best_fitness: [(1, 0.4055827055822533), (2, 0.30507094898092385), (3, 0.286645392209376), (4, 0.25030601214088966), (5, 0.25045488230637053), (6, 0.2408845344563727), (7, 0.2228356886361766), (8, 0.20918247008159996), (9, 0.1985092860745262), (10, 0.17110221206435242), (11, 0.16257080398324286), (12, 0.15096359717712643), (13, 0.12494535179086468), (14, 0.12140191024793383), (15, 0.10802868761226093), (16, 0.08431895310928775), (17, 0.07210374500887638), (18, 0.07453192215109775), (19, 0.06976700407318892), (20, 0.04895962854149935), (21, 0.04899805371270212), (22, 0.04671947289958277), (23, 0.04459794608871679), (24, 0.04223895870883465), (25, 0.04177652555846978), (26, 0.04155015528328357), (27, 0.041501524745300694), (28, 0.04150133370813286), (29, 0.04143156236218112), (30, 0.041411781797496286), (31, 0.04139314898331797), (32, 0.04139314898331824), (33, 0.04139080522523405), (34, 0.04138123447637117), (35, 0.04137266554248012), (36, 0.04136474770195578), (37, 0.041357806994822846), (38, 0.04135483897656332), (39, 0.04135466149629361), (40, 0.04134727073938416), (41, 0.04134152405160385), (42, 0.04133214101140163), (43, 0.04133193334775938), (44, 0.04132118668411679), (45, 0.04132118668411679), (46, 0.04131768765383252), (47, 0.04130835321131281), (48, 0.041308335296388485), (49, 0.041304437808431765), (50, 0.041297827994316416), (51, 0.04128947283724939), (52, 0.041289446144643915), (53, 0.0412851270006725), (54, 0.04128508099650095), (55, 0.041277898306838284), (56, 0.04127126815832449), (57, 0.04126855543818653), (58, 0.04126854198323182), (59, 0.04126373090286878), (60, 0.04126165998213792), (61, 0.04126110973848114), (62, 0.04126096213389559), (63, 0.041260961976825314), (64, 0.0412598372326968), (65, 0.04125790539459906), (66, 0.041257831677839765), (67, 0.04124395671566711), (68, 0.04124176826168819), (69, 0.041241594162434184), (70, 0.04123728795141792), (71, 0.04123614761246107), (72, 0.041236120984007446), (73, 0.04122472344556123), (74, 0.04122049634402488), (75, 0.041219635636166915), (76, 0.041209900871686106), (77, 0.041209915809067896), (78, 0.041209790244037724), (79, 0.04120901994661976), (80, 0.04119627951742086), (81, 0.04119566447074459), (82, 0.041196201937827456), (83, 0.04118498969903546), (84, 0.04116198624358865), (85, 0.04114873420540347), (86, 0.04114588565393642), (87, 0.041145851704838594), (88, 0.041140739613361094), (89, 0.04113417821193686), (90, 0.04112709131856594), (91, 0.04112638146311616), (92, 0.04112619308239786), (93, 0.04111922194796211), (94, 0.041113108764853475), (95, 0.041109587864415986), (96, 0.04110957013646677), (97, 0.04109833576443619), (98, 0.04109732734387306), (99, 0.04108403039280062), (100, 0.041079687434433035), (101, 0.04107163818263035), (102, 0.04104611575537999), (103, 0.041035298321251544), (104, 0.041027090228154386), (105, 0.04102583736116112), (106, 0.041010461861281364), (107, 0.04101045241233568), (108, 0.04099859580436853), (109, 0.040997197756494644), (110, 0.040998157335895485), (111, 0.040991630740766054), (112, 0.040990279528921855), (113, 0.040988798159501676), (114, 0.0409889689034467), (115, 0.04098242408407651), (116, 0.04098259304460293), (117, 0.04097458790711306), (118, 0.040973980943110236), (119, 0.04097158246967871), (120, 0.04096876165777067), (121, 0.040957943009440737), (122, 0.04095947945336027), (123, 0.04095786381582643), (124, 0.04095476010438817), (125, 0.0409480266841631), (126, 0.040941344219044606), (127, 0.04093685950042608), (128, 0.040935084786411696), (129, 0.040931274489053066), (130, 0.040927122207062974), (131, 0.04091913794063398), (132, 0.04091910902782325), (133, 0.04091668132142383), (134, 0.040908082061022685), (135, 0.040908082061022685), (136, 0.040898826982195935), (137, 0.04089506870207735), (138, 0.040893265882487234), (139, 0.04089351372358481), (140, 0.040881213341763596), (141, 0.04087875305568965), (142, 0.04087031798750977), (143, 0.04086845896377446), (144, 0.04086323610042267), (145, 0.04086034112734272), (146, 0.04085675989165766), (147, 0.040846023712545115), (148, 0.040840895032618285), (149, 0.04083172221694411), (150, 0.04083049242190728), (151, 0.04082793911550047), (152, 0.0408268166257717), (153, 0.04082014660633225), (154, 0.040808529806504984), (155, 0.04080880018681375), (156, 0.040808529806504984), (157, 0.04080674155365965), (158, 0.04080672980435185), (159, 0.040798233623897506), (160, 0.04079652630602789), (161, 0.040791977350598585), (162, 0.04078160892458105), (163, 0.04078123885193673), (164, 0.04077319229657724), (165, 0.04076801907364337), (166, 0.04076778217307549), (167, 0.0407558639587909), (168, 0.04075438841353289), (169, 0.040749902381782124), (170, 0.040741287957808014), (171, 0.04074128795780829), (172, 0.04073737202233348), (173, 0.040736920305399986), (174, 0.040735467753304146), (175, 0.040722302708537016), (176, 0.04071921473638082), (177, 0.04071651228819956), (178, 0.04071517378772993), (179, 0.040714119047191036), (180, 0.04071404959164866), (181, 0.04071166085541829), (182, 0.04071130488639152), (183, 0.04070284023214599), (184, 0.040705219752913906), (185, 0.04070156198511976), (186, 0.040701177570489924), (187, 0.0407008344841642), (188, 0.04068913293528666), (189, 0.040689122861129925), (190, 0.040687512222221625), (191, 0.04068599869172551), (192, 0.040679767723284396), (193, 0.04067547062214427), (194, 0.04067547062214427), (195, 0.04067221019263487), (196, 0.04066865245644419), (197, 0.040664173354273775), (198, 0.04066181525123659), (199, 0.04065876182552851), (200, 0.040656629230564734), (201, 0.04065584214665415), (202, 0.04064993967351804), (203, 0.040649712688338696), (204, 0.0406465365799481), (205, 0.040643535592526536), (206, 0.040643535012173285), (207, 0.040643066561717484), (208, 0.04064058311010234), (209, 0.040639695972646724), (210, 0.04063661303704884), (211, 0.04063624518313244), (212, 0.04063646727451617), (213, 0.04063083944883979), (214, 0.04062653142507608), (215, 0.040623271208209064), (216, 0.04061514286916442), (217, 0.0406136023228944), (218, 0.04061298798294401), (219, 0.0406081619033047), (220, 0.040606366036467084), (221, 0.040600804514424084), (222, 0.04060101235810874), (223, 0.040597661677793065), (224, 0.040592212228186285), (225, 0.04059220986453273), (226, 0.04059160277694018), (227, 0.04059068074747041), (228, 0.040589735374073184), (229, 0.04058958294512634), (230, 0.04058870449573753), (231, 0.04058543746244374), (232, 0.040583372738917524), (233, 0.04058284684453313), (234, 0.040580299775445375), (235, 0.040580110377954934), (236, 0.04057237211601662), (237, 0.0405716610540431), (238, 0.04056765214535131), (239, 0.040561373124571504), (240, 0.04055927844693837), (241, 0.04055927844693837), (242, 0.040553714172363), (243, 0.04055439064766947), (244, 0.04054137249807001), (245, 0.04053660739996397), (246, 0.04053083295366325), (247, 0.04053077763117835), (248, 0.04052807780833159), (249, 0.04052470233470213), (250, 0.04052465208560234), (251, 0.040519300567140704), (252, 0.04051300627100363), (253, 0.040512320564520934), (254, 0.04051231899587065), (255, 0.04051172991098377), (256, 0.04051170446006894), (257, 0.040510695342346206), (258, 0.04051064643533717), (259, 0.04051061572758867), (260, 0.040508900579704125), (261, 0.0404994853149956), (262, 0.04049819019367619), (263, 0.04049801319394805), (264, 0.0404962996642032), (265, 0.040491252235285685), (266, 0.040492394464184664), (267, 0.04049119306471094), (268, 0.04048998812773513), (269, 0.04048562129430054), (270, 0.04048397460879641), (271, 0.040484005648434525), (272, 0.0404824016001333), (273, 0.04047964543589813), (274, 0.040477378570809935), (275, 0.04047524524388279), (276, 0.04047451663515462), (277, 0.04046424149218182), (278, 0.040462660235597026), (279, 0.04046033690231587), (280, 0.04045777290393478), (281, 0.04045493676409292), (282, 0.04045382816925695), (283, 0.040453426947098414), (284, 0.04044953898883689), (285, 0.04044809848769925), (286, 0.0404473905697915), (287, 0.040445214944991634), (288, 0.04044698762963746), (289, 0.040446995130890985), (290, 0.04044697817509793), (291, 0.04044665849617181), (292, 0.04044306244798342), (293, 0.04044022379748052), (294, 0.04043595013442437), (295, 0.04043175609380817), (296, 0.04043165080342499), (297, 0.040426840221412436), (298, 0.04042509993655162), (299, 0.04042354847428428), (300, 0.04042356323101441), (301, 0.04042352500435879), (302, 0.040422920960796166), (303, 0.04041993014386894), (304, 0.04041993014386894), (305, 0.04041802346124326), (306, 0.04041629365439771), (307, 0.04041614701230563), (308, 0.04041307040901393), (309, 0.040411526307607734), (310, 0.040411526307607734), (311, 0.040409242852229896), (312, 0.04040989091684201), (313, 0.04041019014605702), (314, 0.04040969229992249), (315, 0.04040771244793675), (316, 0.04040603353796834), (317, 0.04040605057424712), (318, 0.04040518444127719), (319, 0.040402179242259216), (320, 0.040400700914310236), (321, 0.040399738218608414), (322, 0.040399333021806566), (323, 0.040399333021806566), (324, 0.040396224631938406), (325, 0.040395712189604076), (326, 0.04039308987463901), (327, 0.04039215937275231), (328, 0.040389545091689044), (329, 0.040388240204638104), (330, 0.040388198827941375), (331, 0.040386886920143486), (332, 0.040385881117945985), (333, 0.040385693261722574), (334, 0.04038407612226561), (335, 0.040383328023954015), (336, 0.04038139759043567), (337, 0.040381007082656746), (338, 0.04038065616534612), (339, 0.040378861097750476), (340, 0.040377899989045424), (341, 0.04037738199555804), (342, 0.04037650748482326), (343, 0.040375808595001714), (344, 0.04037548169433071), (345, 0.04037318456903102), (346, 0.040373139785854995), (347, 0.04037231679270184), (348, 0.04037193836273518), (349, 0.040370454560477526), (350, 0.040370410554262263), (351, 0.04037013298414334), (352, 0.040369498969812775), (353, 0.040369190121145315), (354, 0.040369190121145315), (355, 0.040367369916553), (356, 0.040367377993981074), (357, 0.04036669281428246), (358, 0.040366562705096795), (359, 0.040366562705096753), (360, 0.04036487276018284), (361, 0.04036487276018284), (362, 0.040363680394565185), (363, 0.04036364102764145), (364, 0.040361937011246796), (365, 0.040361535312470276), (366, 0.04036151440240478), (367, 0.04035923588317805), (368, 0.04035831628859851), (369, 0.04035790019747671), (370, 0.04035788685371998), (371, 0.040357063667373155), (372, 0.0403557013553813), (373, 0.04035458817173708), (374, 0.040354581896327436), (375, 0.04035121746547967), (376, 0.0403502510908924), (377, 0.04034923949275192), (378, 0.04034803094078471), (379, 0.04034762459353766), (380, 0.040348014328546844), (381, 0.04034693463571261), (382, 0.04034534658884642), (383, 0.04034536147225145), (384, 0.04034474986977179), (385, 0.04034443864133729), (386, 0.040344276810926116), (387, 0.040342712239520906), (388, 0.040340923089398406), (389, 0.0403409154856338), (390, 0.04034090277063972), (391, 0.04034088846225993), (392, 0.04033949146224421), (393, 0.040339479687663646), (394, 0.04033945496577303), (395, 0.040339373669169815), (396, 0.04033757889970613), (397, 0.04033760730613597), (398, 0.040334753442764666), (399, 0.04033466241805082), (400, 0.04033463036682318)]
2025-07-22 08:42:10.744221: predicted
0.20	52.08
0.21	52.09
0.22	52.10
0.23	52.12
0.24	52.13
0.25	52.14
0.26	52.15
0.27	52.16
0.28	52.17
0.29	52.18
0.30	52.20
0.31	52.21
0.32	52.22
0.33	52.23
0.34	52.24
0.35	52.26
0.36	52.27
0.37	52.28
0.38	52.29
0.39	52.31
0.40	52.32
0.41	52.33
0.42	52.35
0.43	52.36
0.44	52.37
0.45	52.39
0.46	52.40
0.47	52.42
0.48	52.43
0.49	52.44
0.50	52.46
0.51	52.47
0.52	52.49
0.53	52.50
0.54	52.52
0.55	52.53
0.56	52.55
0.57	52.57
0.58	52.58
0.59	52.60
0.60	52.61
0.61	52.63
0.62	52.65
0.63	52.66
0.64	52.68
0.65	52.70
0.66	52.72
0.67	52.73
0.68	52.75
0.69	52.77
0.70	52.79
0.71	52.81
0.72	52.82
0.73	52.84
0.74	52.86
0.75	52.88
0.76	52.90
0.77	52.92
0.78	52.94
0.79	52.96
0.80	52.98
0.81	53.00
0.82	53.02
0.83	53.04
0.84	53.06
0.85	53.09
0.86	53.11
0.87	53.13
0.88	53.15
0.89	53.17
0.90	53.20
0.91	53.22
0.92	53.24
0.93	53.27
0.94	53.29
0.95	53.31
0.96	53.34
0.97	53.36
0.98	53.39
0.99	53.41
['mse: 0.1109', 'mae: 0.1441', 'pfg: 0.2737', 'r2: 0.4148', 'ks_p: 0.8219', 'ks_D: 0.1000', 'mape: 0.0028']
