2025-07-22 08:34:50.018615: start test_charging
2025-07-22 08:34:50.018615: battery_model

data_provider.file_path data_v3_02_11_to_06_10.xlsx
data_provider.cols ['Timestamp', 'SoC(%)', 'Battery Current(A)', 'Battery Voltage(V)']
data_provider.searching_current 10
data_provider.spread 2 [8:12]
2025-07-22 08:34:50.018615: read_excel
2025-07-22 08:35:00.585325: get_charging_data
2025-07-22 08:35:00.602372: actual
      SoC  Battery Voltage(V)
0   0.23           52.704779
1   0.24           52.815203
2   0.25           52.909939
3   0.26           52.990540
4   0.27           53.058468
5   0.28           53.115099
6   0.29           53.161726
7   0.30           53.199557
8   0.31           53.229723
9   0.32           53.253275
10  0.33           53.271193
11  0.34           53.284379
12  0.35           53.293669
13  0.36           53.299830
14  0.37           53.303562
15  0.38           53.305502
16  0.39           53.306227
17  0.40           53.306256
18  0.41           53.306048
19  0.42           53.306013
20  0.43           53.306505
21  0.44           53.307832
22  0.45           53.310252
23  0.46           53.313982
24  0.47           53.319193
25  0.48           53.326018
26  0.49           53.334553
27  0.50           53.344857
28  0.51           53.356958
29  0.52           53.370851
30  0.53           53.386504
31  0.54           53.403861
32  0.55           53.422839
33  0.56           53.443335
34  0.57           53.465229
35  0.58           53.488381
36  0.59           53.512639
37  0.60           53.537840
38  0.61           53.563809
39  0.62           53.590365
40  0.63           53.617323
41  0.64           53.644493
42  0.65           53.671687
43  0.66           53.698719
44  0.67           53.725406
45  0.68           53.751573
46  0.69           53.777054
47  0.70           53.801695
48  0.71           53.825353
49  0.72           53.847906
50  0.73           53.869246
51  0.74           53.889289
52  0.75           53.907972
53  0.76           53.925259
54  0.77           53.941140
55  0.78           53.955637
56  0.79           53.968805
57  0.80           53.980732
58  0.81           53.991544
59  0.82           54.001406
60  0.83           54.010527
61  0.84           54.019157
62  0.85           54.027595
63  0.86           54.036188
64  0.87           54.045335
65  0.88           54.055487
66  0.89           54.067153
67  0.90           54.080897
68  0.91           54.097348
69  0.92           54.117195
70  0.93           54.141191
71  0.94           54.170161
72  0.95           54.204997
73  0.96           54.246662
74  0.97           54.296197
75  0.98           54.354717
76  0.99           54.423419
77  1.00           54.503579
2025-07-22 08:36:03.333258: Optimized Parameters (GA): [0.24248849 0.37816577 0.00180292 0.81709846 0.         0.
 0.27892946 0.71079884 0.1077097  0.39577141 0.18690431 0.51251531
 0.36555311 0.90914604 0.34895409 0.56568677 0.01903746 0.36042234
 0.30071176 0.69843779 0.38694951 0.10661167 0.59433556 0.93272444
 0.40470174 0.23212885 0.         0.         0.         0.66023017
 0.48813849]
2025-07-22 08:36:03.333258: his_best_fitness: [(1, 0.17142310313621195), (2, 0.1505743750345629), (3, 0.02567318105458579), (4, 0.02269228326147943), (5, 0.012761542762827531), (6, 0.013746894348291594), (7, 0.014708343849202178), (8, 0.013857891728803574), (9, 0.0125261051865552), (10, 0.011922989083718933), (11, 0.011937703509659609), (12, 0.011857135076364675), (13, 0.011874770590153075), (14, 0.01183611683547427), (15, 0.011766773719192759), (16, 0.011739788508536825), (17, 0.011422802894728051), (18, 0.011422802894728051), (19, 0.011252490340551247), (20, 0.01109011163840714), (21, 0.011142028902457315), (22, 0.011094055449126464), (23, 0.011094055449126464), (24, 0.011094055449126464), (25, 0.011050841571902559), (26, 0.011051205359919561), (27, 0.011050841571902644), (28, 0.011049231105478313), (29, 0.010996765258028762), (30, 0.010991277437545272), (31, 0.010966759025431209), (32, 0.010958092896291358), (33, 0.010937865793947572), (34, 0.010928337376226947), (35, 0.01092345961862817), (36, 0.010921061440899549), (37, 0.010902587220663774), (38, 0.010900893123990344), (39, 0.010897915103602118), (40, 0.010811029048848852), (41, 0.010849528715627721), (42, 0.010546661517446845), (43, 0.010774199771640954), (44, 0.01075800056948718), (45, 0.010774199771640954), (46, 0.010757065536040849), (47, 0.010746300146119997), (48, 0.010734337893199023), (49, 0.010666955066032234), (50, 0.010747216018775483), (51, 0.010678107231430574), (52, 0.010660511599676271), (53, 0.010655744182743884), (54, 0.010653760687327462), (55, 0.010598598810282168), (56, 0.010589468323145525), (57, 0.010582292191533994), (58, 0.010574763339039079), (59, 0.01057474127211494), (60, 0.01057474127211494), (61, 0.010574741272114812), (62, 0.010574357206158843), (63, 0.010574302899248447), (64, 0.010574302899248263), (65, 0.010574224323347453), (66, 0.010574050238147208), (67, 0.01057404749109318), (68, 0.010525783120263367), (69, 0.010525340593160369), (70, 0.010159205627692805), (71, 0.010159205627692805), (72, 0.010159205627692793), (73, 0.010149875827674758), (74, 0.010149210275357184), (75, 0.010090539260337882), (76, 0.010044044307835046), (77, 0.010014312029386404), (78, 0.009910168977540037), (79, 0.00989835725611138), (80, 0.009896418639421877), (81, 0.009896418639421877), (82, 0.009893427605576483), (83, 0.009859087540756204), (84, 0.009859087540756296), (85, 0.009859087540756322), (86, 0.009848163828534904), (87, 0.009859087540756322), (88, 0.009851499952268238), (89, 0.0098514999522683), (90, 0.009851499952268163), (91, 0.009851499952268163), (92, 0.009851462384568545), (93, 0.009851462384568554), (94, 0.009851462384568497), (95, 0.009851462384568497), (96, 0.009851462384568497), (97, 0.009851448317610267), (98, 0.00984836509526107), (99, 0.009846645746394643), (100, 0.00984489683234598), (101, 0.009844896768021673), (102, 0.009842870950372716), (103, 0.00984269379264711), (104, 0.00984269379264711), (105, 0.009842230352537625), (106, 0.00984081525877658), (107, 0.00984081525877658), (108, 0.009840733490983904), (109, 0.009840574056235863), (110, 0.009840264246789871), (111, 0.009840332516080946), (112, 0.009840332516080946), (113, 0.009840332516080946), (114, 0.00983998346399728), (115, 0.00983998346399728), (116, 0.00983998346399728), (117, 0.00984033251608087), (118, 0.009840331801033376), (119, 0.009840331801033303), (120, 0.009840331801033303), (121, 0.00983996070762735), (122, 0.009839784577383312), (123, 0.009839784577383312), (124, 0.00973839194168279), (125, 0.00973839194168279), (126, 0.009839784577383446), (127, 0.009839784577383446), (128, 0.009840047777261735), (129, 0.009839961446584784), (130, 0.009839961446584684), (131, 0.009839961446584684), (132, 0.009839821607060808), (133, 0.009839821607060808), (134, 0.009839720957187584), (135, 0.009839629241459043), (136, 0.009839629241458994), (137, 0.009839629241458994), (138, 0.00983962924145898), (139, 0.00983962924145898), (140, 0.00983962924145898), (141, 0.00983962924145898), (142, 0.00983962924145898), (143, 0.009839629241458977), (144, 0.009839629241458977), (145, 0.009839536932145957), (146, 0.009839536932145928), (147, 0.009839536932145928), (148, 0.009839536932145928), (149, 0.009839536932145928), (150, 0.009839536932145928), (151, 0.00983521234022212), (152, 0.009835212340222131), (153, 0.009839536932145928), (154, 0.009839536932145928), (155, 0.009839536932145928), (156, 0.009839536932145928), (157, 0.009819126312358392), (158, 0.00983698966525292), (159, 0.009819126312358283), (160, 0.0098164447051386), (161, 0.009816444705138535), (162, 0.009803992802549746), (163, 0.009804575477692097), (164, 0.00977902105323818), (165, 0.009778979377274958), (166, 0.009778979377274894), (167, 0.009778970589194315), (168, 0.009778970589194315), (169, 0.009778970589194315), (170, 0.009778970589194315), (171, 0.009774291742853016), (172, 0.009773696633208078), (173, 0.009773696633208078), (174, 0.009773482731258696), (175, 0.009773482731258547), (176, 0.009755657134534666), (177, 0.009753657835343089), (178, 0.009748932803567213), (179, 0.009748932803567137), (180, 0.00974367218023888), (181, 0.009738925192441449), (182, 0.009738201040933963), (183, 0.00973788684417), (184, 0.009738185202259005), (185, 0.009737371391867306), (186, 0.009737198224019826), (187, 0.009737198224019753), (188, 0.009721691374784106), (189, 0.009721691374784106), (190, 0.009710484514803096), (191, 0.00971046251454446), (192, 0.009710484514803096), (193, 0.009710484514803223), (194, 0.009710484514803122), (195, 0.009710464545848566), (196, 0.009710373476871082), (197, 0.009710373476871082), (198, 0.009710391304361651), (199, 0.009710373476871082), (200, 0.00971037619682203), (201, 0.009710373476870995), (202, 0.009710373476870959), (203, 0.009710373476870959), (204, 0.009624947630962877), (205, 0.00961343106649833), (206, 0.00971037347687087), (207, 0.00971037347687084), (208, 0.00971037347687084), (209, 0.009710132145678303), (210, 0.009710132145678393), (211, 0.009710132145678178), (212, 0.009710132145678119), (213, 0.00971012943121448), (214, 0.009710123901638919), (215, 0.00971011803285148), (216, 0.009709974373901333), (217, 0.009709974373901333), (218, 0.009709974373901333), (219, 0.009662572864025208), (220, 0.009709974373901333), (221, 0.009692258221849211), (222, 0.00971000609132151), (223, 0.00970955842174466), (224, 0.009709622599410937), (225, 0.009645142054413764), (226, 0.00970828592129227), (227, 0.00970828592129227), (228, 0.00970828592129227), (229, 0.0097082690387848), (230, 0.0097082690387848), (231, 0.0097082690387848), (232, 0.009708225620435731), (233, 0.009707174567767023), (234, 0.009707174567767023), (235, 0.009707174567767023), (236, 0.009707174567767023), (237, 0.00964900272876643), (238, 0.0095895660335045), (239, 0.0095895660335045), (240, 0.009586959544446367), (241, 0.009586756392194515), (242, 0.00957688563917604), (243, 0.009584976552165378), (244, 0.009584818542530042), (245, 0.009584818542530042), (246, 0.00958461118877553), (247, 0.009584502570592414), (248, 0.009583696367684934), (249, 0.009577635437949723), (250, 0.009577221807756418), (251, 0.009577039932372002), (252, 0.009576491875546515), (253, 0.009576481705031718), (254, 0.009576655493950394), (255, 0.009576543231136818), (256, 0.009575995166508589), (257, 0.00957587915089625), (258, 0.009575879150896048), (259, 0.009575879150896048), (260, 0.009518832479002577), (261, 0.00957587915089625), (262, 0.00957572273939794), (263, 0.009575424742208327), (264, 0.009570836669340253), (265, 0.009570836669340253), (266, 0.00957061149351558), (267, 0.00957061149351557), (268, 0.009569205955173386), (269, 0.00956840345397), (270, 0.00957061149351547), (271, 0.00954846540508), (272, 0.00954846540508), (273, 0.009565605435938571), (274, 0.009565605435938453), (275, 0.00956539789542535), (276, 0.009565444799431323), (277, 0.009560983629497588), (278, 0.009560983629497588), (279, 0.009560983629497588), (280, 0.009560674926138208), (281, 0.009560674926138078), (282, 0.00955810156006091), (283, 0.00952719874064594), (284, 0.00952719874064594), (285, 0.009495985345973717), (286, 0.009497960086687785), (287, 0.009494457661152103), (288, 0.009476989709335986), (289, 0.009476989709335986), (290, 0.009476989709335986), (291, 0.009476989709335986), (292, 0.009476989709335986), (293, 0.009476989709335986), (294, 0.009489808318439211), (295, 0.009489808318439139), (296, 0.009489798865797308), (297, 0.00948979841675447), (298, 0.009489798416754392), (299, 0.009489773242982185), (300, 0.00948977324298224), (301, 0.00948964545323194), (302, 0.009489645453231723), (303, 0.009489355225389774), (304, 0.009489355225389566), (305, 0.00948920105435741), (306, 0.009488698399314047), (307, 0.009488698399313808), (308, 0.009485939020781145), (309, 0.009485188101937776), (310, 0.009485188101937658), (311, 0.009484207489528728), (312, 0.009484207489528728), (313, 0.009484096689286898), (314, 0.009483469925705788), (315, 0.00948346992570574), (316, 0.00948346992570574), (317, 0.00948346992570574), (318, 0.00948289882894096), (319, 0.009482694566960014), (320, 0.009482694566960014), (321, 0.00948269456696033), (322, 0.00948273244691019), (323, 0.009482694566960076), (324, 0.009482683200341416), (325, 0.00948269456695999), (326, 0.00948265012338463), (327, 0.009482558760701185), (328, 0.009482558760701185), (329, 0.009482426400495039), (330, 0.009482426400494914), (331, 0.009482426400494872), (332, 0.009482354523558136), (333, 0.009482354365406613), (334, 0.009482364634774507), (335, 0.009482352207859177), (336, 0.009482352207859177), (337, 0.009482352207859177), (338, 0.009482351083575861), (339, 0.009482351083575844), (340, 0.009482347625093649), (341, 0.009482347625093599), (342, 0.00948234414841459), (343, 0.00948234414841459), (344, 0.00948234414841459), (345, 0.00948234414841459), (346, 0.009482342287517572), (347, 0.009482342287517572), (348, 0.009482342287517556), (349, 0.009482174082838862), (350, 0.009480586261847805), (351, 0.009480175755486398), (352, 0.009480175755486398), (353, 0.009480174475444698), (354, 0.009480151049855046), (355, 0.009480136329665701), (356, 0.00947989220045068), (357, 0.009479902972982141), (358, 0.009479902972982141), (359, 0.009479836334850293), (360, 0.009479859193141359), (361, 0.009479836334850254), (362, 0.009479836334850352), (363, 0.009479817087636358), (364, 0.009479817087636358), (365, 0.0094798154550701), (366, 0.009479170218083503), (367, 0.009479281062915623), (368, 0.009478229319425501), (369, 0.00947705406793002), (370, 0.00947705406793002), (371, 0.009477034758307846), (372, 0.009476984736979176), (373, 0.009476130105726684), (374, 0.009476172307108052), (375, 0.009475689922109749), (376, 0.009476074421137216), (377, 0.009475210786478535), (378, 0.009475023530707467), (379, 0.009474946383252272), (380, 0.0094749375569518), (381, 0.009474999659194993), (382, 0.009474999659194993), (383, 0.009474868679685194), (384, 0.009474846185107666), (385, 0.009473463839084541), (386, 0.009473463839084612), (387, 0.009473248279736179), (388, 0.009472886756460498), (389, 0.00947287568581924), (390, 0.00947287568581924), (391, 0.009472859739297748), (392, 0.009472803737142106), (393, 0.009472621709298575), (394, 0.009472803737142196), (395, 0.009472803737142196), (396, 0.009472799498207181), (397, 0.009472672195253346), (398, 0.009472672195253275), (399, 0.009472605340704624), (400, 0.009472605340704624)]
2025-07-22 08:36:03.336292: predicted
0.20	52.98
0.21	53.00
0.22	53.01
0.23	53.02
0.24	53.03
0.25	53.05
0.26	53.06
0.27	53.07
0.28	53.09
0.29	53.10
0.30	53.11
0.31	53.13
0.32	53.14
0.33	53.15
0.34	53.17
0.35	53.18
0.36	53.20
0.37	53.21
0.38	53.22
0.39	53.24
0.40	53.25
0.41	53.27
0.42	53.28
0.43	53.30
0.44	53.31
0.45	53.33
0.46	53.34
0.47	53.36
0.48	53.37
0.49	53.39
0.50	53.41
0.51	53.42
0.52	53.44
0.53	53.45
0.54	53.47
0.55	53.49
0.56	53.50
0.57	53.52
0.58	53.54
0.59	53.55
0.60	53.57
0.61	53.59
0.62	53.60
0.63	53.62
0.64	53.64
0.65	53.66
0.66	53.67
0.67	53.69
0.68	53.71
0.69	53.73
0.70	53.75
0.71	53.77
0.72	53.79
0.73	53.80
0.74	53.82
0.75	53.84
0.76	53.86
0.77	53.88
0.78	53.90
0.79	53.92
0.80	53.94
0.81	53.96
0.82	53.98
0.83	54.00
0.84	54.02
0.85	54.04
0.86	54.06
0.87	54.09
0.88	54.11
0.89	54.13
0.90	54.15
0.91	54.17
0.92	54.19
0.93	54.22
0.94	54.24
0.95	54.26
0.96	54.28
0.97	54.31
0.98	54.33
0.99	54.35
['mse: 0.0057', 'mae: 0.0585', 'pfg: 0.1090', 'r2: 0.9631', 'ks_p: 0.5376', 'ks_D: 0.1299', 'mape: 0.0011']
