2025-07-25 16:34:16.563909: start test_charging
2025-07-25 16:34:16.564909: battery_model

data_provider.file_path data_v3_02_11_to_06_10.xlsx
data_provider.cols ['Timestamp', 'SoC(%)', 'Battery Current(A)', 'Battery Voltage(V)']
data_provider.searching_current 10
data_provider.spread 1 [9:11]
2025-07-25 16:34:16.564909: read_excel
2025-07-25 16:34:27.257536: get_charging_data
2025-07-25 16:34:27.272746: actual
      SoC  Battery Voltage(V)
0   0.25           52.840455
1   0.26           52.940830
2   0.27           53.025527
3   0.28           53.096209
4   0.29           53.154435
5   0.30           53.201670
6   0.31           53.239281
7   0.32           53.268544
8   0.33           53.290643
9   0.34           53.306679
10  0.35           53.317665
11  0.36           53.324536
12  0.37           53.328146
13  0.38           53.329275
14  0.39           53.328628
15  0.40           53.326843
16  0.41           53.324486
17  0.42           53.322064
18  0.43           53.320017
19  0.44           53.318729
20  0.45           53.318526
21  0.46           53.319682
22  0.47           53.322419
23  0.48           53.326912
24  0.49           53.333291
25  0.50           53.341641
26  0.51           53.352011
27  0.52           53.364411
28  0.53           53.378817
29  0.54           53.395174
30  0.55           53.413399
31  0.56           53.433383
32  0.57           53.454994
33  0.58           53.478079
34  0.59           53.502468
35  0.60           53.527978
36  0.61           53.554412
37  0.62           53.581564
38  0.63           53.609224
39  0.64           53.637175
40  0.65           53.665203
41  0.66           53.693093
42  0.67           53.720637
43  0.68           53.747633
44  0.69           53.773890
45  0.70           53.799230
46  0.71           53.823492
47  0.72           53.846532
48  0.73           53.868228
49  0.74           53.888484
50  0.75           53.907228
51  0.76           53.924420
52  0.77           53.940052
53  0.78           53.954152
54  0.79           53.966785
55  0.80           53.978058
56  0.81           53.988121
57  0.82           53.997170
58  0.83           54.005451
59  0.84           54.013263
60  0.85           54.020959
61  0.86           54.028948
62  0.87           54.037702
63  0.88           54.047755
64  0.89           54.059707
65  0.90           54.074226
66  0.91           54.092052
67  0.92           54.114000
68  0.93           54.140962
69  0.94           54.173909
70  0.95           54.213894
71  0.96           54.262057
72  0.97           54.319626
73  0.98           54.387918
74  0.99           54.468347
75  1.00           54.562420
2025-07-25 16:36:55.816212: Optimized Parameters (LSM): [-2.19080333e-01 -2.19104764e-02 -2.19107398e-03 -3.27655227e-01
  5.68876360e-02  5.69013909e-03  5.69027220e-04  0.00000000e+00
  0.00000000e+00  0.00000000e+00  0.00000000e+00  0.00000000e+00
  0.00000000e+00  0.00000000e+00  0.00000000e+00  0.00000000e+00
  0.00000000e+00  0.00000000e+00  0.00000000e+00  0.00000000e+00
  0.00000000e+00 -5.53706224e-03 -5.53724977e-04 -5.53664942e-05
 -1.20591466e-03 -5.69013856e-03  1.94095386e-01  2.49946342e-01
  2.59579972e-01  5.69030800e-04 -5.68999473e-05]
2025-07-25 16:36:55.817214: predicted_voltages_lsm_charging_v2
2025-07-25 16:36:55.818214: predicted
['mse: 0.0050', 'mae: 0.0587', 'pfg: 0.1094', 'r2: 0.9645', 'ks_p: 0.5204', 'ks_D: 0.1333', 'mape: 0.0011']
2025-07-25 16:37:58.695506: Optimized Parameters (GA): [0.         0.03448471 0.16745336 1.47664359 0.         0.11337189
 0.14497322 0.72182451 0.16158926 0.46512028 0.193778   0.11203217
 0.2709119  0.11469762 0.17494304 0.01288602 0.09899379 0.35720675
 0.17692502 0.20292246 0.13655131 1.05345615 0.00649244 0.36934392
 0.001977   0.77203599 0.869669   0.32999079 0.32779711 0.24205445
 0.15388708]
2025-07-25 16:37:58.695506: his_best_fitness: [(1, 3.7443176621671697), (2, 2.543898474132164), (3, 2.1791609573448962), (4, 1.8108087163980617), (5, 1.4628843247483339), (6, 1.0680550726594604), (7, 0.6915026345427785), (8, 0.5302475907213609), (9, 0.5185282752606247), (10, 0.30815289113772315), (11, 0.19575754890920108), (12, 0.09214941997834049), (13, 0.05899957421991238), (14, 0.03905411326301386), (15, 0.016052262690977852), (16, 0.010299336859169148), (17, 0.00904719360952104), (18, 0.008937683778368066), (19, 0.008909645901988991), (20, 0.008969202018057369), (21, 0.008893352664154286), (22, 0.00889335266415412), (23, 0.008893352664154286), (24, 0.008894884046494283), (25, 0.008890099000540046), (26, 0.008867081959197743), (27, 0.008867081959197795), (28, 0.008866330296348458), (29, 0.00886492918760409), (30, 0.008866330296348458), (31, 0.008866330296348458), (32, 0.008866330296348458), (33, 0.008865256916617605), (34, 0.008865256916617605), (35, 0.008865256916617657), (36, 0.00886525691661767), (37, 0.008864658706081626), (38, 0.008864658706081626), (39, 0.008864658706081562), (40, 0.008864465748800345), (41, 0.008864465748800345), (42, 0.008864465748800345), (43, 0.008864465748800251), (44, 0.008863339896564997), (45, 0.008858469530489306), (46, 0.008858469530489306), (47, 0.008788524374522409), (48, 0.008788524374522409), (49, 0.008781254553341205), (50, 0.00876486364247221), (51, 0.00876502525369313), (52, 0.008764894859176288), (53, 0.008764894859176257), (54, 0.008764894859176257), (55, 0.0087645770753675), (56, 0.008764568327554222), (57, 0.008764568327554222), (58, 0.008764567512093762), (59, 0.00876454662126404), (60, 0.00876454662126404), (61, 0.00876454662126404), (62, 0.00876454662126404), (63, 0.00876454662126404), (64, 0.008764546621263922), (65, 0.008764546621263922), (66, 0.008764546621263922), (67, 0.008764546621263922), (68, 0.008764546621263922), (69, 0.008764546621263922), (70, 0.008764546621263922), (71, 0.008764546621263922), (72, 0.008764546621263922), (73, 0.008764546621263922), (74, 0.008764546621263922), (75, 0.00876454644723057), (76, 0.00876454644723057), (77, 0.00876454644723057), (78, 0.008764546447230724), (79, 0.00876454644723057), (80, 0.00876454644723057), (81, 0.00876454644723057), (82, 0.00876454644723057), (83, 0.00876454644723057), (84, 0.00876454644723057), (85, 0.008764546447230494), (86, 0.00876347829117825), (87, 0.008763478291178016), (88, 0.008763478291178016), (89, 0.00876347829117826), (90, 0.008763478291178016), (91, 0.00876333279350739), (92, 0.00876333279350739), (93, 0.00876333279350739), (94, 0.00876333279350739), (95, 0.00876333279350739), (96, 0.00876333279350739), (97, 0.00876333279350739), (98, 0.00876333279350739), (99, 0.008763303325091768), (100, 0.008763303325091768), (101, 0.008763241764061406), (102, 0.008762339269686871), (103, 0.008762339269686871), (104, 0.008761509980841579), (105, 0.008761509509715038), (106, 0.008761509509715038), (107, 0.008761509509715139), (108, 0.008761509509715139), (109, 0.00876150225832279), (110, 0.008761408752169863), (111, 0.008761410422361823), (112, 0.00876140744780295), (113, 0.008761410422361865), (114, 0.008761409375163159), (115, 0.00876140937516297), (116, 0.00876140937516297), (117, 0.008761409375162803), (118, 0.008761409375162803), (119, 0.008761405547907487), (120, 0.008761405547907487), (121, 0.008761405547907487), (122, 0.008761405547907487), (123, 0.008761405547907487), (124, 0.008761405547907487), (125, 0.008761405547907487), (126, 0.008761405547907487), (127, 0.008761405547907487), (128, 0.008759541700943584), (129, 0.008759541700943658), (130, 0.008759541700943538), (131, 0.008756535729772107), (132, 0.00875648373897193), (133, 0.00875648373897193), (134, 0.008755864689662215), (135, 0.008756222274649063), (136, 0.008755579354811777), (137, 0.008755579354811777), (138, 0.008755579354811777), (139, 0.008755579354811777), (140, 0.008755499365572779), (141, 0.008755499365572648), (142, 0.008755326398609417), (143, 0.008755052622380083), (144, 0.008754872283790991), (145, 0.008754743953471762), (146, 0.008754824559078021), (147, 0.008754688462766409), (148, 0.008754688462766357), (149, 0.008754075434657706), (150, 0.008753940587709098), (151, 0.00875393204646986), (152, 0.008753857806597515), (153, 0.008753836993313963), (154, 0.008753791927086155), (155, 0.008753857806597515), (156, 0.008753743320676712), (157, 0.008753836993313913), (158, 0.008753803837758577), (159, 0.008753111269542424), (160, 0.008753383854705353), (161, 0.008753345043837828), (162, 0.008753111269542424), (163, 0.00875322136513055), (164, 0.00875296705167938), (165, 0.00875296705167938), (166, 0.00875296705167938), (167, 0.00875296705167938), (168, 0.00875296705167938), (169, 0.008752967051679338), (170, 0.008752967051679338), (171, 0.008752967051679338), (172, 0.008752967051679338), (173, 0.008752958194955144), (174, 0.008752958194955144), (175, 0.008752958194955144), (176, 0.008752958194955144), (177, 0.008752957277294526), (178, 0.008752957277294516), (179, 0.008752957277294516), (180, 0.008752957277294329), (181, 0.00875295727729439), (182, 0.00875295727729439), (183, 0.008752788599124641), (184, 0.008752788599124641), (185, 0.008751648360873533), (186, 0.008750534488853878), (187, 0.008751915738175648), (188, 0.008750158588478855), (189, 0.008749999294721507), (190, 0.008749788875569802), (191, 0.008749470008665931), (192, 0.008749470008665864), (193, 0.008749312953293365), (194, 0.008749223164352667), (195, 0.008749241581689311), (196, 0.008749241581689311), (197, 0.008749240636407899), (198, 0.008749053562610848), (199, 0.008749010052690218), (200, 0.008749007864689668), (201, 0.008749007864689847), (202, 0.008749007864689668), (203, 0.008749007864689668), (204, 0.008748942303604469), (205, 0.008748836084771132), (206, 0.008748864455691282), (207, 0.008748852477217526), (208, 0.008748836354191557), (209, 0.00874881757276467), (210, 0.00874881757276467), (211, 0.008748814159458433), (212, 0.008748772627420657), (213, 0.008748772627420555), (214, 0.008748605564335394), (215, 0.00874857268054129), (216, 0.008743669928988809), (217, 0.008739014269578212), (218, 0.008736157042832761), (219, 0.00873594184129142), (220, 0.00873574372485223), (221, 0.00873533052218046), (222, 0.00873476448002726), (223, 0.00873570067478849), (224, 0.008735373368415768), (225, 0.008735373368415768), (226, 0.008735161669901641), (227, 0.008734781361929133), (228, 0.00873451926754961), (229, 0.008734668169955717), (230, 0.008734539116050627), (231, 0.008734539116050627), (232, 0.008734539116050627), (233, 0.008734505592533817), (234, 0.008734426505519302), (235, 0.008734418873855834), (236, 0.008734418873855834), (237, 0.008733826441273504), (238, 0.008734194232233023), (239, 0.008733713893580956), (240, 0.008733713893580956), (241, 0.008733713893580956), (242, 0.008733713893580956), (243, 0.008733185500249475), (244, 0.008733185500249475), (245, 0.008733132454766897), (246, 0.00873309602877316), (247, 0.008733096028773011), (248, 0.008732881238918477), (249, 0.008732866362685983), (250, 0.008732819759179309), (251, 0.008732731767436882), (252, 0.008732650758844055), (253, 0.008732664348531052), (254, 0.008732652758159893), (255, 0.008732517878907622), (256, 0.008732517878907805), (257, 0.00873264606261583), (258, 0.008732652758159893), (259, 0.008732640220812968), (260, 0.0087326080798183), (261, 0.008732205727754131), (262, 0.008732532291611814), (263, 0.008732198656473083), (264, 0.008732198656473083), (265, 0.008732198656473083), (266, 0.008732054866703866), (267, 0.008732047673396508), (268, 0.008732010706807021), (269, 0.008732010706807021), (270, 0.008732010706807021), (271, 0.008731846865353676), (272, 0.008731757052474294), (273, 0.008731617741047812), (274, 0.008731624766940805), (275, 0.008731617741047812), (276, 0.008731617741047812), (277, 0.0087315858026415), (278, 0.0087315858026415), (279, 0.008731575792545512), (280, 0.008731575792545512), (281, 0.008731550301882678), (282, 0.008731550301882678), (283, 0.008731550301882678), (284, 0.008731550301882678), (285, 0.008731549205049384), (286, 0.008731549205049472), (287, 0.008731549205049472), (288, 0.008731531682504876), (289, 0.008731531682504876), (290, 0.008731525541727257), (291, 0.008731495282846478), (292, 0.008731495282846478), (293, 0.008731495282846478), (294, 0.008731472350619988), (295, 0.008731336121410704), (296, 0.008731122764213449), (297, 0.008731122764213449), (298, 0.008731122764213449), (299, 0.008730861262963397), (300, 0.008730818282142434), (301, 0.008730818282142434), (302, 0.008730551049481772), (303, 0.008730411692766974), (304, 0.00873045608128288), (305, 0.008730435163605135), (306, 0.008730504415515589), (307, 0.008730497785693767), (308, 0.008730483052995633), (309, 0.008730480618840474), (310, 0.008730480618840316), (311, 0.008730362865621462), (312, 0.008730230369706729), (313, 0.008730230369706729), (314, 0.008730222813811913), (315, 0.008730150565466855), (316, 0.008730150565466775), (317, 0.008730122534440646), (318, 0.008730122534440521), (319, 0.008730122534440521), (320, 0.00873008360829101), (321, 0.008730083465513752), (322, 0.008730083465513752), (323, 0.008730083465513717), (324, 0.008730018154451728), (325, 0.008730018154451728), (326, 0.008730018154451728), (327, 0.008729973924144022), (328, 0.008729951498040556), (329, 0.008729951498040326), (330, 0.008729925590495763), (331, 0.008729925590495763), (332, 0.008729866626740319), (333, 0.008729863149407418), (334, 0.008729851949173738), (335, 0.008729790427346566), (336, 0.008729790427346566), (337, 0.00872974813362723), (338, 0.008729732839742875), (339, 0.008729731579540864), (340, 0.008729720244865659), (341, 0.008729720244865659), (342, 0.008729720244865659), (343, 0.00872972792500683), (344, 0.008729610421129757), (345, 0.008729610421129757), (346, 0.008729610421129757), (347, 0.00872961042112957), (348, 0.008729609654426389), (349, 0.008729609654426389), (350, 0.008729609654426384), (351, 0.008729585034907453), (352, 0.008729589097573487), (353, 0.008729577350022428), (354, 0.008729559615002876), (355, 0.0087295291410083), (356, 0.00872910438014037), (357, 0.008729148455596754), (358, 0.00872911824590698), (359, 0.00872911824590698), (360, 0.008728972061379917), (361, 0.008728970444186988), (362, 0.008728970444187113), (363, 0.008728841346937563), (364, 0.008728841346937563), (365, 0.008728643704068813), (366, 0.008728626908410026), (367, 0.008728622022153937), (368, 0.008728622022153984), (369, 0.008728574838846585), (370, 0.008728574838846478), (371, 0.008728464539000955), (372, 0.008728464539000955), (373, 0.00872844454209364), (374, 0.008728435061569095), (375, 0.008728256049260317), (376, 0.008728256049260317), (377, 0.008728235468255846), (378, 0.00872823140202653), (379, 0.00872823140202653), (380, 0.00872823140202653), (381, 0.00872819168439036), (382, 0.008728160049380243), (383, 0.008728117865906652), (384, 0.008728065692572232), (385, 0.008728058757723747), (386, 0.008728048078476077), (387, 0.008727999039111693), (388, 0.008727999039111667), (389, 0.008727999039111693), (390, 0.008727960200881303), (391, 0.008727960200881263), (392, 0.00872795169781502), (393, 0.008727893260950777), (394, 0.008727893260950777), (395, 0.008727874568913578), (396, 0.008727658124228216), (397, 0.00872759081824978), (398, 0.008727590818249677), (399, 0.008727603884824955), (400, 0.008727541677457498)]
2025-07-25 16:37:58.706520: predicted
0.20	53.03
0.21	53.04
0.22	53.05
0.23	53.06
0.24	53.08
0.25	53.09
0.26	53.10
0.27	53.11
0.28	53.12
0.29	53.13
0.30	53.15
0.31	53.16
0.32	53.17
0.33	53.18
0.34	53.19
0.35	53.21
0.36	53.22
0.37	53.23
0.38	53.25
0.39	53.26
0.40	53.27
0.41	53.29
0.42	53.30
0.43	53.31
0.44	53.33
0.45	53.34
0.46	53.35
0.47	53.37
0.48	53.38
0.49	53.40
0.50	53.41
0.51	53.43
0.52	53.44
0.53	53.46
0.54	53.47
0.55	53.49
0.56	53.50
0.57	53.52
0.58	53.54
0.59	53.55
0.60	53.57
0.61	53.58
0.62	53.60
0.63	53.62
0.64	53.64
0.65	53.65
0.66	53.67
0.67	53.69
0.68	53.71
0.69	53.72
0.70	53.74
0.71	53.76
0.72	53.78
0.73	53.80
0.74	53.82
0.75	53.84
0.76	53.86
0.77	53.88
0.78	53.90
0.79	53.92
0.80	53.94
0.81	53.96
0.82	53.98
0.83	54.00
0.84	54.02
0.85	54.04
0.86	54.06
0.87	54.09
0.88	54.11
0.89	54.13
0.90	54.15
0.91	54.18
0.92	54.20
0.93	54.22
0.94	54.25
0.95	54.27
0.96	54.29
0.97	54.32
0.98	54.34
0.99	54.37
['mse: 0.0050', 'mae: 0.0589', 'pfg: 0.1097', 'r2: 0.9644', 'ks_p: 0.5204', 'ks_D: 0.1333', 'mape: 0.0011']
