2025-07-25 16:38:12.882540: start test_discharging
2025-07-25 16:38:12.882540: battery_model

data_provider.file_path data_v3_02_11_to_06_10.xlsx
data_provider.cols ['Timestamp', 'SoC(%)', 'Battery Current(A)', 'Battery Voltage(V)']
data_provider.searching_current 10
data_provider.spread 1 [9:11]
2025-07-25 16:38:12.882540: read_excel
2025-07-25 16:38:23.595891: actual
      SoC  Battery Voltage(V)
0   0.21           51.245998
1   0.22           51.369995
2   0.23           51.478479
3   0.24           51.572856
4   0.25           51.654456
5   0.26           51.724536
6   0.27           51.784282
7   0.28           51.834808
8   0.29           51.877161
9   0.30           51.912321
10  0.31           51.941205
11  0.32           51.964666
12  0.33           51.983496
13  0.34           51.998431
14  0.35           52.010148
15  0.36           52.019268
16  0.37           52.026362
17  0.38           52.031946
18  0.39           52.036491
19  0.40           52.040417
20  0.41           52.044099
21  0.42           52.047870
22  0.43           52.052019
23  0.44           52.056797
24  0.45           52.062416
25  0.46           52.069051
26  0.47           52.076844
27  0.48           52.085903
28  0.49           52.096308
29  0.50           52.108108
30  0.51           52.121326
31  0.52           52.135960
32  0.53           52.151985
33  0.54           52.169354
34  0.55           52.188002
35  0.56           52.207847
36  0.57           52.228790
37  0.58           52.250718
38  0.59           52.273507
39  0.60           52.297025
40  0.61           52.321128
41  0.62           52.345669
42  0.63           52.370496
43  0.64           52.395454
44  0.65           52.420387
45  0.66           52.445142
46  0.67           52.469569
47  0.68           52.493522
48  0.69           52.516862
49  0.70           52.539460
50  0.71           52.561197
51  0.72           52.581967
52  0.73           52.601678
53  0.74           52.620254
54  0.75           52.637640
55  0.76           52.653798
56  0.77           52.668713
57  0.78           52.682395
58  0.79           52.694878
59  0.80           52.706224
60  0.81           52.716526
61  0.82           52.725908
62  0.83           52.734526
63  0.84           52.742572
64  0.85           52.750275
65  0.86           52.757903
66  0.87           52.765765
67  0.88           52.774213
68  0.89           52.783642
69  0.90           52.794495
70  0.91           52.807263
71  0.92           52.822487
72  0.93           52.840760
73  0.94           52.862729
74  0.95           52.889097
75  0.96           52.920625
76  0.97           52.958133
77  0.98           53.002502
78  0.99           53.054678
79  1.00           53.115671
2025-07-25 16:40:58.217939: Optimized Parameters (LSM): [ 3.16615608e-01  3.16633141e-02  3.16634878e-03  3.87516580e-01
 -1.35780670e-01 -1.35801585e-02 -1.35803535e-03  0.00000000e+00
  0.00000000e+00  0.00000000e+00  0.00000000e+00  0.00000000e+00
  0.00000000e+00  0.00000000e+00  0.00000000e+00  0.00000000e+00
  0.00000000e+00  0.00000000e+00  0.00000000e+00  0.00000000e+00
  0.00000000e+00 -1.33976042e-02 -1.33978293e-03 -1.33979006e-04
  1.19629690e-05 -1.35801581e-02 -3.41478416e-01 -2.81733873e-01
 -2.22690955e-01  1.35803847e-03 -1.35802879e-04]
2025-07-25 16:40:58.218941: predicted_voltages_lsm_charging_v2
2025-07-25 16:40:58.218941: predicted
0.20	51.58
0.21	51.60
0.22	51.62
0.23	51.64
0.24	51.66
0.25	51.68
0.26	51.70
0.27	51.73
0.28	51.75
0.29	51.77
0.30	51.79
0.31	51.81
0.32	51.83
0.33	51.85
0.34	51.87
0.35	51.89
0.36	51.90
0.37	51.92
0.38	51.94
0.39	51.96
0.40	51.98
0.41	52.00
0.42	52.02
0.43	52.04
0.44	52.06
0.45	52.08
0.46	52.09
0.47	52.11
0.48	52.13
0.49	52.15
0.50	52.17
0.51	52.19
0.52	52.20
0.53	52.22
0.54	52.24
0.55	52.26
0.56	52.27
0.57	52.29
0.58	52.31
0.59	52.33
0.60	52.34
0.61	52.36
0.62	52.38
0.63	52.40
0.64	52.41
0.65	52.43
0.66	52.45
0.67	52.46
0.68	52.48
0.69	52.50
0.70	52.51
0.71	52.53
0.72	52.55
0.73	52.56
0.74	52.58
0.75	52.60
0.76	52.61
0.77	52.63
0.78	52.65
0.79	52.66
0.80	52.68
0.81	52.70
0.82	52.71
0.83	52.73
0.84	52.74
0.85	52.76
0.86	52.78
0.87	52.79
0.88	52.81
0.89	52.82
0.90	52.84
0.91	52.86
0.92	52.87
0.93	52.89
0.94	52.90
0.95	52.92
0.96	52.94
0.97	52.95
0.98	52.97
0.99	52.98
['mse: 0.0065', 'mae: 0.0574', 'pfg: 0.1098', 'r2: 0.9607', 'ks_p: 0.6878', 'ks_D: 0.1139', 'mape: 0.0011']
2025-07-25 16:42:02.341960: Optimized Parameters (GA): [0.17194134 0.27285575 0.81581893 1.07396002 0.         0.
 0.         0.3698244  0.09492821 0.12774033 0.16399823 0.05719156
 0.36093569 0.4866931  0.19239758 0.40221511 0.05125181 0.27006825
 0.16704102 0.06406794 0.0617725  0.13417475 1.71216348 0.43738865
 1.01209612 0.         0.         0.         0.         4.76870339
 0.05554944]
2025-07-25 16:42:02.341960: his_best_fitness: [(1, 0.2929896103176197), (2, 0.2914798059702773), (3, 0.25665159957191597), (4, 0.2564060986102991), (5, 0.2272668030221808), (6, 0.22726981313348432), (7, 0.2190409467963984), (8, 0.1932031748713131), (9, 0.16443759881502096), (10, 0.13365347367653851), (11, 0.11629628145146109), (12, 0.10448105351586945), (13, 0.09589053101071968), (14, 0.0879184572107776), (15, 0.07385056301531223), (16, 0.0648672060445463), (17, 0.0574760516772067), (18, 0.05041848433106727), (19, 0.038840781992660514), (20, 0.03488396155035484), (21, 0.03277820728041634), (22, 0.02961187654950697), (23, 0.03022550111126939), (24, 0.02647351078994429), (25, 0.023886661357056617), (26, 0.023163656461788425), (27, 0.022063932738267282), (28, 0.02232399438381906), (29, 0.02176447306669668), (30, 0.021440320569702125), (31, 0.021257997146656903), (32, 0.02124674176745141), (33, 0.021184950624326265), (34, 0.021083300768377708), (35, 0.021021953522286876), (36, 0.021019386892330787), (37, 0.02099743283743652), (38, 0.020930687286728103), (39, 0.020993445857464745), (40, 0.02098662379386713), (41, 0.02098185066843535), (42, 0.02096823722698328), (43, 0.02089819796314989), (44, 0.020962850843537634), (45, 0.020838210270344583), (46, 0.020838210270344583), (47, 0.020838210270344312), (48, 0.020832873365362096), (49, 0.020818735540105125), (50, 0.02081799903562604), (51, 0.02073046232785592), (52, 0.020667309209928098), (53, 0.020620719112116975), (54, 0.02062020235331556), (55, 0.02059311138533214), (56, 0.02059311138533214), (57, 0.020488821644152916), (58, 0.020488821644152916), (59, 0.020570896815870876), (60, 0.020570896815870925), (61, 0.020562029432214593), (62, 0.02055463290314237), (63, 0.02055463290314237), (64, 0.02055255598422074), (65, 0.020504642926302392), (66, 0.02047879009216), (67, 0.02046536664074536), (68, 0.020460002591478697), (69, 0.020436760826363726), (70, 0.020305167633201632), (71, 0.020305167633201632), (72, 0.020421887999175995), (73, 0.020333451925013887), (74, 0.020322377635507004), (75, 0.020318398993685018), (76, 0.020243699233371173), (77, 0.020260856558372148), (78, 0.020173471574691557), (79, 0.020172792270394403), (80, 0.020170481781047432), (81, 0.02008969717399816), (82, 0.020068257401762032), (83, 0.02003673829164585), (84, 0.02005227192840326), (85, 0.020059177392398944), (86, 0.020059177392398944), (87, 0.020046567467855443), (88, 0.020020030626925166), (89, 0.02001944628479494), (90, 0.020014946513553705), (91, 0.01995805233313238), (92, 0.019905029170162555), (93, 0.019854068191431217), (94, 0.01971846603955532), (95, 0.019698045367663133), (96, 0.01969804536766309), (97, 0.019686567846730098), (98, 0.019686567846730098), (99, 0.019655970806102794), (100, 0.01965092737391901), (101, 0.019596827708036287), (102, 0.019596827708036287), (103, 0.019567128017849954), (104, 0.01956868649531966), (105, 0.019522319123869793), (106, 0.019489880515037455), (107, 0.019482305945496735), (108, 0.01947154210735201), (109, 0.01946030411222434), (110, 0.01944335737161751), (111, 0.01944335737161751), (112, 0.019436829115472405), (113, 0.019411047564248815), (114, 0.01944335737161751), (115, 0.019422718280467884), (116, 0.019380436109453707), (117, 0.019338962320363667), (118, 0.019306460219479578), (119, 0.019290339411917934), (120, 0.019290339411918205), (121, 0.019286621841057297), (122, 0.019260888901800388), (123, 0.019260680830396053), (124, 0.019260680830396122), (125, 0.01923462710675089), (126, 0.019231921885423765), (127, 0.019213740467471742), (128, 0.01918818458192942), (129, 0.019172852471094057), (130, 0.019169572780822756), (131, 0.019169359601822478), (132, 0.019155755511012736), (133, 0.019135323820100393), (134, 0.01912003954216434), (135, 0.019079870087548717), (136, 0.019083553387475694), (137, 0.019079017886251787), (138, 0.019078811008974628), (139, 0.019078237336935706), (140, 0.019077124444598748), (141, 0.019077070487894747), (142, 0.019030057459710748), (143, 0.019030057459710748), (144, 0.01904216616846142), (145, 0.019033553454587578), (146, 0.019028620460492862), (147, 0.018994490705185413), (148, 0.018993493555406325), (149, 0.018981397179722803), (150, 0.018971579809038536), (151, 0.01893186135258413), (152, 0.01893186135258413), (153, 0.018885939851080606), (154, 0.018910848939609003), (155, 0.018883135421975714), (156, 0.018856877798862835), (157, 0.018843371556136808), (158, 0.01880914091121501), (159, 0.018791241607697597), (160, 0.018791241607697597), (161, 0.01877680047976701), (162, 0.01877471965656949), (163, 0.018774621747307776), (164, 0.01876068272053261), (165, 0.018751509271239853), (166, 0.01874398337392116), (167, 0.01874094238701118), (168, 0.018739877863064344), (169, 0.018693910682045997), (170, 0.018711962003341784), (171, 0.01871041746094075), (172, 0.01869623158710484), (173, 0.018691943639845228), (174, 0.018691943639845228), (175, 0.0186781950142095), (176, 0.018675141109998503), (177, 0.018665171126984886), (178, 0.018664247211494872), (179, 0.018639707165978774), (180, 0.018625782457042907), (181, 0.018625605359066936), (182, 0.018625782457042963), (183, 0.01861892681190591), (184, 0.018609650800570768), (185, 0.018591263088678693), (186, 0.018587369319826966), (187, 0.018584100935705845), (188, 0.018583668786765855), (189, 0.018570263383092547), (190, 0.018583639614841246), (191, 0.018583139023980687), (192, 0.018581141221183126), (193, 0.018577884966511273), (194, 0.018569648458716195), (195, 0.01855468209473213), (196, 0.01855468209473213), (197, 0.018552423998078826), (198, 0.018551110882356815), (199, 0.01855040416449455), (200, 0.01854774789454026), (201, 0.018547747894540056), (202, 0.018546102014614013), (203, 0.01853037848413643), (204, 0.018520249679492142), (205, 0.01852907220309679), (206, 0.018503111561411826), (207, 0.018492955243098394), (208, 0.018492955243098394), (209, 0.018447890693583352), (210, 0.01843989535083814), (211, 0.01841647736184631), (212, 0.018398712580714554), (213, 0.018398712580714554), (214, 0.018398712580714374), (215, 0.018395954869913012), (216, 0.018388857775328157), (217, 0.018374776376713503), (218, 0.018378720995277813), (219, 0.018376565096441307), (220, 0.018372568539736678), (221, 0.01835376946329563), (222, 0.018367554995137092), (223, 0.018367062833969258), (224, 0.018365621895698143), (225, 0.01835838882019218), (226, 0.018356563925242153), (227, 0.01834512262992097), (228, 0.01834154111714779), (229, 0.018308299236623936), (230, 0.01830008753757106), (231, 0.018285841783661487), (232, 0.018285841783661487), (233, 0.018277498589982583), (234, 0.01827376333821837), (235, 0.01827376333821837), (236, 0.01827270419212011), (237, 0.018264364551728064), (238, 0.018237567738491993), (239, 0.0182386097075174), (240, 0.01823798933221475), (241, 0.018216306577239792), (242, 0.018213465506434785), (243, 0.01821267493958262), (244, 0.018198610714143085), (245, 0.018199868251976725), (246, 0.018199033269380244), (247, 0.01819933894336387), (248, 0.018200369388704125), (249, 0.018188171612569484), (250, 0.018178380157895684), (251, 0.018168302418650153), (252, 0.018162948217300766), (253, 0.018139788233109376), (254, 0.018142426698592215), (255, 0.018139018664823876), (256, 0.018137151897862247), (257, 0.01813495190995712), (258, 0.01813495190995712), (259, 0.01812767249349344), (260, 0.018127672493493358), (261, 0.01812568447838519), (262, 0.018122789000852256), (263, 0.018120726605945534), (264, 0.018098556812009378), (265, 0.018098556812009378), (266, 0.01809839303467368), (267, 0.018076099228108454), (268, 0.018059358176664025), (269, 0.018059358176664025), (270, 0.018052448012144978), (271, 0.018049291584681684), (272, 0.01804929158468156), (273, 0.018036550415488704), (274, 0.018036550415488906), (275, 0.018036550415488923), (276, 0.01802978748630445), (277, 0.01802978748630445), (278, 0.01802405256157817), (279, 0.018017643930868875), (280, 0.01800108017077372), (281, 0.01798603212184167), (282, 0.01798603212184167), (283, 0.017977681551440652), (284, 0.017971245378415227), (285, 0.01796952936458924), (286, 0.01796952936458924), (287, 0.017967054953794654), (288, 0.01796439097421267), (289, 0.01796348236223265), (290, 0.017962700753826985), (291, 0.01796259891371446), (292, 0.017960941083682274), (293, 0.017957353625809087), (294, 0.01795581865405891), (295, 0.017940794116316567), (296, 0.017939955244173703), (297, 0.017937067230195173), (298, 0.017898032027897953), (299, 0.017899237111570224), (300, 0.0178986668345427), (301, 0.01789135849924785), (302, 0.017897453406970607), (303, 0.017897646637524068), (304, 0.01789201497342718), (305, 0.017877322027002786), (306, 0.0178750195402263), (307, 0.01787501954022607), (308, 0.017872474107374012), (309, 0.01786805317175344), (310, 0.017866006085307293), (311, 0.017865258416825052), (312, 0.01785740549291005), (313, 0.01785740549291028), (314, 0.01785464486749429), (315, 0.017847021077614406), (316, 0.017843384547167964), (317, 0.017828295221862318), (318, 0.017828295221862148), (319, 0.017822550280799116), (320, 0.017822305736678104), (321, 0.01781647071391872), (322, 0.017816649818372755), (323, 0.017816649818372957), (324, 0.017816649818373012), (325, 0.017812399047703258), (326, 0.017812399047702994), (327, 0.017806989985753665), (328, 0.017801321281081552), (329, 0.01778471055794382), (330, 0.017784286455445004), (331, 0.017775396927868392), (332, 0.01777291377884819), (333, 0.017771287430975582), (334, 0.01777115591841372), (335, 0.017767501576345386), (336, 0.017761131749164723), (337, 0.017757527408672244), (338, 0.017757389427671782), (339, 0.01775738942767184), (340, 0.01774811962800495), (341, 0.017734617569328533), (342, 0.017731850780510344), (343, 0.017731816843740006), (344, 0.017726348259460258), (345, 0.0177232189752689), (346, 0.017720166746414537), (347, 0.017720166746414252), (348, 0.017719842938389702), (349, 0.017717485323366255), (350, 0.017704029687869084), (351, 0.017697932562749912), (352, 0.017694632594951267), (353, 0.017694670289379287), (354, 0.017685932709490742), (355, 0.017683991866660656), (356, 0.01767917364024508), (357, 0.017681624237409127), (358, 0.01767670385084627), (359, 0.017676703850846572), (360, 0.017673337651134977), (361, 0.017662510857200157), (362, 0.017661426272348832), (363, 0.01766031807784784), (364, 0.017648454375267922), (365, 0.017644375144124525), (366, 0.0176453614176477), (367, 0.017644375144124355), (368, 0.017644347650341258), (369, 0.017639895798191994), (370, 0.017639895798191994), (371, 0.017636286053380086), (372, 0.017628263935708377), (373, 0.017624653751230304), (374, 0.017625811642861637), (375, 0.017626691843643183), (376, 0.017621934886959605), (377, 0.017623004290106086), (378, 0.017622056120701557), (379, 0.017615833512399582), (380, 0.017613043018538714), (381, 0.017610995495926957), (382, 0.017609912631112758), (383, 0.01760153883147913), (384, 0.017601525851715934), (385, 0.01760124701039386), (386, 0.0176006729925426), (387, 0.017600670808034784), (388, 0.017594121939896686), (389, 0.01759009732466011), (390, 0.017586769267827724), (391, 0.01757950416706723), (392, 0.01757980702491179), (393, 0.017577608019281262), (394, 0.01757477782988276), (395, 0.017573240291407416), (396, 0.017569382359755078), (397, 0.017568920558193975), (398, 0.017566793839125246), (399, 0.017564657674907502), (400, 0.0175628022019994)]
2025-07-25 16:42:02.346018: predicted
0.20	51.74
0.21	51.75
0.22	51.76
0.23	51.77
0.24	51.78
0.25	51.80
0.26	51.81
0.27	51.82
0.28	51.83
0.29	51.84
0.30	51.85
0.31	51.87
0.32	51.88
0.33	51.89
0.34	51.90
0.35	51.92
0.36	51.93
0.37	51.94
0.38	51.95
0.39	51.97
0.40	51.98
0.41	51.99
0.42	52.01
0.43	52.02
0.44	52.04
0.45	52.05
0.46	52.06
0.47	52.08
0.48	52.09
0.49	52.11
0.50	52.12
0.51	52.14
0.52	52.15
0.53	52.17
0.54	52.18
0.55	52.20
0.56	52.21
0.57	52.23
0.58	52.25
0.59	52.26
0.60	52.28
0.61	52.30
0.62	52.31
0.63	52.33
0.64	52.35
0.65	52.37
0.66	52.38
0.67	52.40
0.68	52.42
0.69	52.44
0.70	52.45
0.71	52.47
0.72	52.49
0.73	52.51
0.74	52.53
0.75	52.55
0.76	52.57
0.77	52.59
0.78	52.61
0.79	52.63
0.80	52.65
0.81	52.67
0.82	52.69
0.83	52.71
0.84	52.73
0.85	52.76
0.86	52.78
0.87	52.80
0.88	52.82
0.89	52.84
0.90	52.87
0.91	52.89
0.92	52.91
0.93	52.94
0.94	52.96
0.95	52.98
0.96	53.01
0.97	53.03
0.98	53.06
0.99	53.08
['mse: 0.0108', 'mae: 0.0716', 'pfg: 0.1368', 'r2: 0.9347', 'ks_p: 0.6878', 'ks_D: 0.1139', 'mape: 0.0014']
