2025-07-25 16:30:16.503949: start test_discharging
2025-07-25 16:30:16.503949: battery_model

data_provider.file_path data_v3_02_11_to_06_10.xlsx
data_provider.cols ['Timestamp', 'SoC(%)', 'Battery Current(A)', 'Battery Voltage(V)']
data_provider.searching_current 2
data_provider.spread 1 [1:3]
2025-07-25 16:30:16.504950: read_excel
2025-07-25 16:30:27.354988: actual
      SoC  Battery Voltage(V)
0   0.23           51.686720
1   0.24           51.822897
2   0.25           51.941047
3   0.26           52.042861
4   0.27           52.129936
5   0.28           52.203774
6   0.29           52.265791
7   0.30           52.317314
8   0.31           52.359586
9   0.32           52.393768
10  0.33           52.420941
11  0.34           52.442109
12  0.35           52.458199
13  0.36           52.470069
14  0.37           52.478504
15  0.38           52.484223
16  0.39           52.487879
17  0.40           52.490062
18  0.41           52.491302
19  0.43           52.492787
20  0.44           52.493811
21  0.45           52.495458
22  0.46           52.497991
23  0.47           52.501629
24  0.48           52.506547
25  0.49           52.512880
26  0.50           52.520724
27  0.51           52.530137
28  0.52           52.541147
29  0.53           52.553747
30  0.54           52.567904
31  0.56           52.600620
32  0.57           52.618990
33  0.58           52.638539
34  0.59           52.659125
35  0.60           52.680594
36  0.61           52.702776
37  0.62           52.725494
38  0.63           52.748563
39  0.64           52.771794
40  0.65           52.794995
41  0.66           52.817977
42  0.67           52.840549
43  0.68           52.862530
44  0.69           52.883743
45  0.70           52.904022
46  0.71           52.923214
47  0.72           52.941181
48  0.73           52.957801
49  0.74           52.972973
50  0.75           52.986617
51  0.76           52.998677
52  0.77           53.009127
53  0.78           53.017968
54  0.79           53.025232
55  0.80           53.030986
56  0.81           53.035336
57  0.82           53.038423
58  0.83           53.040433
59  0.84           53.041594
60  0.85           53.042181
61  0.86           53.042517
62  0.87           53.042978
63  0.88           53.043992
64  0.89           53.046043
65  0.90           53.049674
66  0.91           53.055490
67  0.92           53.064158
68  0.93           53.076410
69  0.94           53.093049
70  0.95           53.114945
71  0.96           53.143044
72  0.97           53.178366
73  0.98           53.222009
74  0.99           53.275152
75  1.00           53.339056
2025-07-25 16:32:52.220673: Optimized Parameters (LSM): [ 4.94455446e-01  9.88934595e-03  1.97757525e-04  3.69359465e-01
  3.27762810e-01  6.55566686e-03  1.31089592e-04  0.00000000e+00
  0.00000000e+00  0.00000000e+00  0.00000000e+00  0.00000000e+00
  0.00000000e+00  0.00000000e+00  0.00000000e+00  0.00000000e+00
  0.00000000e+00  0.00000000e+00  0.00000000e+00  0.00000000e+00
  0.00000000e+00  1.85870682e-01  3.71745758e-03  7.43300277e-05
  8.84858464e-02  1.63886366e-01 -5.16486498e-01 -4.12281271e-01
 -5.53963892e-01 -3.27782295e-03  6.55106837e-05]
2025-07-25 16:32:52.221673: predicted_voltages_lsm_charging_v2
2025-07-25 16:32:52.222675: predicted
0.20	51.97
0.21	51.99
0.22	52.02
0.23	52.04
0.24	52.07
0.25	52.09
0.26	52.11
0.27	52.14
0.28	52.16
0.29	52.18
0.30	52.20
0.31	52.23
0.32	52.25
0.33	52.27
0.34	52.29
0.35	52.31
0.36	52.33
0.37	52.35
0.38	52.37
0.39	52.39
0.40	52.41
0.41	52.43
0.42	52.45
0.43	52.47
0.44	52.49
0.45	52.50
0.46	52.52
0.47	52.54
0.48	52.56
0.49	52.57
0.50	52.59
0.51	52.61
0.52	52.62
0.53	52.64
0.54	52.65
0.55	52.67
0.56	52.69
0.57	52.70
0.58	52.72
0.59	52.73
0.60	52.74
0.61	52.76
0.62	52.77
0.63	52.79
0.64	52.80
0.65	52.81
0.66	52.83
0.67	52.84
0.68	52.85
0.69	52.87
0.70	52.88
0.71	52.89
0.72	52.90
0.73	52.92
0.74	52.93
0.75	52.94
0.76	52.95
0.77	52.96
0.78	52.97
0.79	52.99
0.80	53.00
0.81	53.01
0.82	53.02
0.83	53.03
0.84	53.04
0.85	53.05
0.86	53.06
0.87	53.07
0.88	53.08
0.89	53.09
0.90	53.10
0.91	53.11
0.92	53.12
0.93	53.13
0.94	53.14
0.95	53.15
0.96	53.16
0.97	53.17
0.98	53.18
0.99	53.19
['mse: 0.0074', 'mae: 0.0636', 'pfg: 0.1207', 'r2: 0.9366', 'ks_p: 0.6562', 'ks_D: 0.1200', 'mape: 0.0012']
2025-07-25 16:33:56.783304: Optimized Parameters (GA): [6.73418927e-01 2.21337678e+00 5.56750914e-01 8.77298282e-01
 0.00000000e+00 0.00000000e+00 4.54939345e-04 1.64603079e-01
 9.87648972e-02 8.49418784e-01 2.75503405e-01 2.09152529e-01
 2.43872761e-01 3.32396726e-02 9.01965404e-01 9.70439072e-01
 1.19917866e-01 2.39284231e-01 4.97564867e-02 3.92579925e-02
 3.34059713e-02 7.81999921e-01 8.80878610e-01 3.09684114e-01
 8.69712473e-01 0.00000000e+00 0.00000000e+00 0.00000000e+00
 0.00000000e+00 5.60904798e+00 4.68700183e-02]
2025-07-25 16:33:56.784810: his_best_fitness: [(1, 0.2452487284655898), (2, 0.17551655322487722), (3, 0.15296690916971278), (4, 0.14676387294006513), (5, 0.13853675875838461), (6, 0.1243228005878011), (7, 0.10061407400183718), (8, 0.09179357560219471), (9, 0.09130105490310869), (10, 0.08075061459401735), (11, 0.07175072057127539), (12, 0.06922030417523846), (13, 0.060925680089369785), (14, 0.04840001168175865), (15, 0.048376509060112205), (16, 0.0443512751225461), (17, 0.03765549680414742), (18, 0.03544360318968543), (19, 0.03075020401605842), (20, 0.02831241896823962), (21, 0.027118883156076003), (22, 0.025887161211021057), (23, 0.025899987768379703), (24, 0.025630386181998137), (25, 0.025857708633452683), (26, 0.025761305065122128), (27, 0.025766676136045014), (28, 0.025766277448614934), (29, 0.025715442967555922), (30, 0.025701748070724926), (31, 0.025635501140473124), (32, 0.02558992057055449), (33, 0.025588426480212617), (34, 0.02554100810683558), (35, 0.025519496906556874), (36, 0.025498637887527147), (37, 0.025485414981135084), (38, 0.025477063291180768), (39, 0.0253505884340967), (40, 0.025377241039171654), (41, 0.025350585743717197), (42, 0.025342439653076483), (43, 0.025338506404760534), (44, 0.02532476470671803), (45, 0.02532267402192835), (46, 0.025311617223068253), (47, 0.02530799517881843), (48, 0.025298244208164046), (49, 0.025288129089039116), (50, 0.02514277572853426), (51, 0.02506367865036304), (52, 0.025008018524796574), (53, 0.02485094337695965), (54, 0.02485094337695965), (55, 0.02483048892319322), (56, 0.02481563003192492), (57, 0.024805296033741465), (58, 0.02479882303933561), (59, 0.024786397391502235), (60, 0.024785116882450837), (61, 0.02474788567377717), (62, 0.02474788567377717), (63, 0.02474217201286924), (64, 0.024737543739205614), (65, 0.024721596804855143), (66, 0.024713733954005), (67, 0.024712345343326655), (68, 0.02469717322548741), (69, 0.02470240051545205), (70, 0.024692526022519555), (71, 0.02468689184409091), (72, 0.02468689184409091), (73, 0.024683497938197494), (74, 0.02468158358892282), (75, 0.024673292190725702), (76, 0.02467136902596123), (77, 0.024670103407662416), (78, 0.024658082392845747), (79, 0.024653235754554317), (80, 0.024623775057689583), (81, 0.02460906454358934), (82, 0.02460113405131845), (83, 0.02460107121035374), (84, 0.024586597176350214), (85, 0.02458641821505303), (86, 0.024581055570994156), (87, 0.02457085683345914), (88, 0.024567257577794425), (89, 0.024558507207317316), (90, 0.02454213171390756), (91, 0.02454213171390756), (92, 0.02453752579707267), (93, 0.024531839864065645), (94, 0.02451124764706237), (95, 0.024495084585726985), (96, 0.024501794797864324), (97, 0.024498269928089546), (98, 0.024497594611280822), (99, 0.02448307761864108), (100, 0.024461141813993614), (101, 0.02446033101614275), (102, 0.02445454593443583), (103, 0.02430211035367321), (104, 0.02429725932573107), (105, 0.02427718839021876), (106, 0.024277188390218682), (107, 0.024265512722082338), (108, 0.02425323504149398), (109, 0.024246171281362014), (110, 0.02420106522217215), (111, 0.024186250326828827), (112, 0.024188728925404447), (113, 0.024177979499280307), (114, 0.024177979499280307), (115, 0.024171408877439446), (116, 0.024156096990384384), (117, 0.0241535767595844), (118, 0.0241261906439494), (119, 0.024117828743684656), (120, 0.024110547786362603), (121, 0.02345295385787128), (122, 0.02326934428410502), (123, 0.023229799478083065), (124, 0.023230057507188658), (125, 0.023232391994874164), (126, 0.023232391994874133), (127, 0.02300874901570167), (128, 0.022967293740787154), (129, 0.022920219579493598), (130, 0.022914607108372648), (131, 0.022845326371593654), (132, 0.022844221925377724), (133, 0.022842219612348766), (134, 0.02277355531425482), (135, 0.02277355531425482), (136, 0.022736356815290792), (137, 0.02272677595414436), (138, 0.022724425544908708), (139, 0.022724067640570368), (140, 0.022719484127897566), (141, 0.02270974477669798), (142, 0.022707654542329744), (143, 0.022700131370785886), (144, 0.022700131370785886), (145, 0.022696979699121364), (146, 0.022687277923601628), (147, 0.022648413294389724), (148, 0.02262958193465706), (149, 0.022624588343509437), (150, 0.022623569121498592), (151, 0.022622359415367138), (152, 0.022619598034948125), (153, 0.022618564133943694), (154, 0.022614540562636384), (155, 0.02260645416610227), (156, 0.022604107028154546), (157, 0.022604107028154664), (158, 0.022602359010053995), (159, 0.022599786996200643), (160, 0.022599786996200577), (161, 0.02248403260180784), (162, 0.022452398481706954), (163, 0.022459336576820324), (164, 0.022448641330064224), (165, 0.022437231266979534), (166, 0.02243685984239084), (167, 0.022432040606689067), (168, 0.022421849797789502), (169, 0.022421849797789266), (170, 0.022404844531065837), (171, 0.02240308726497821), (172, 0.022401084462941895), (173, 0.022400437680265325), (174, 0.022393542174459425), (175, 0.02239313411869554), (176, 0.02239161962538836), (177, 0.022387996101143382), (178, 0.022387996101143275), (179, 0.02237159718202367), (180, 0.022371691416599553), (181, 0.022368114122181162), (182, 0.022364581032797412), (183, 0.02229521209277616), (184, 0.022284897426800107), (185, 0.02227376367622639), (186, 0.022250838768995935), (187, 0.022250859347510265), (188, 0.02223421876727165), (189, 0.0222235698311577), (190, 0.02222232779781306), (191, 0.022206693137385138), (192, 0.02217033978160203), (193, 0.022156507919315328), (194, 0.02215650791931518), (195, 0.022135213054810206), (196, 0.022130297397885128), (197, 0.022083002606981962), (198, 0.022083027182645112), (199, 0.022079434151846697), (200, 0.022068493601086536), (201, 0.022066297656655867), (202, 0.022059851069219764), (203, 0.02202749907165126), (204, 0.022012341826507076), (205, 0.02200375956315944), (206, 0.021995266548503655), (207, 0.021994941589822577), (208, 0.021992965597957548), (209, 0.021992437906631506), (210, 0.021985087072271252), (211, 0.021983374913693052), (212, 0.021981031184955774), (213, 0.0219792546521582), (214, 0.021978611307635766), (215, 0.021977550657765806), (216, 0.0219757893046275), (217, 0.021972894647384784), (218, 0.021967071609111658), (219, 0.021968947587027617), (220, 0.021968269946845698), (221, 0.021965859109364105), (222, 0.021965859109364105), (223, 0.02196484653020108), (224, 0.02196484872313298), (225, 0.021964147392261085), (226, 0.021962683514519764), (227, 0.021962451032362953), (228, 0.02195983354864591), (229, 0.021959215762710857), (230, 0.021959433639576448), (231, 0.021950384534789917), (232, 0.021949465195668406), (233, 0.021949405728157928), (234, 0.021946456892043047), (235, 0.021947544247205828), (236, 0.021947498698312785), (237, 0.02194472660149424), (238, 0.0219447240829161), (239, 0.02194471563303932), (240, 0.021941480504030407), (241, 0.021940126947067696), (242, 0.021939976138616906), (243, 0.021935503554299116), (244, 0.02192685379720615), (245, 0.021926853797205867), (246, 0.02190231522405247), (247, 0.02185407001717512), (248, 0.021822801236687384), (249, 0.021822733886782436), (250, 0.021822801236687346), (251, 0.021775211370454118), (252, 0.02174169926415318), (253, 0.021738671640483865), (254, 0.02172838229176903), (255, 0.021736347742764655), (256, 0.021733009459890568), (257, 0.021725690946326377), (258, 0.02172296909809482), (259, 0.021721492557344978), (260, 0.021719952456389052), (261, 0.021715517891450563), (262, 0.02171551789145041), (263, 0.021712384560065377), (264, 0.021711684400568244), (265, 0.021708911981654914), (266, 0.021708911323663205), (267, 0.02170891042358811), (268, 0.02170639197075344), (269, 0.02170633215988707), (270, 0.021705284240537904), (271, 0.021703730808493582), (272, 0.021703611684204906), (273, 0.02169749022082775), (274, 0.02169666626174288), (275, 0.021694257981103776), (276, 0.021694092153690593), (277, 0.02169076273190093), (278, 0.021690702771227924), (279, 0.021690518993459827), (280, 0.021687246702888022), (281, 0.021687020353419458), (282, 0.021686923776649315), (283, 0.021686192953952743), (284, 0.02168426270858275), (285, 0.02168226778822821), (286, 0.02168309480089923), (287, 0.021682678619036035), (288, 0.021680645882917217), (289, 0.021680486755768405), (290, 0.021679268787680717), (291, 0.021677373236054703), (292, 0.021674843173205057), (293, 0.02167215711438183), (294, 0.02167215711438176), (295, 0.021671997698408697), (296, 0.021671241944096316), (297, 0.02166912441375455), (298, 0.021668882586359264), (299, 0.0216688667418652), (300, 0.02166766928135501), (301, 0.02166652807992692), (302, 0.021666527165297295), (303, 0.02166409619647829), (304, 0.02166409619647829), (305, 0.021662279762001656), (306, 0.021662268875761496), (307, 0.02166135151848624), (308, 0.021660891769445686), (309, 0.02165932000290154), (310, 0.021658305579673326), (311, 0.021656354082655045), (312, 0.021657375689497615), (313, 0.021656656205162057), (314, 0.02165556907726722), (315, 0.021654633800781236), (316, 0.021653393098239163), (317, 0.021652642155925536), (318, 0.02165259012991627), (319, 0.021650201553332506), (320, 0.021649890932337403), (321, 0.021649901458948573), (322, 0.021649901458948573), (323, 0.02164934942111478), (324, 0.02164880760155887), (325, 0.02164787430081282), (326, 0.021647873557059286), (327, 0.021646125903139933), (328, 0.02164501507395665), (329, 0.021644838560420675), (330, 0.02164362741211604), (331, 0.021643627412116152), (332, 0.02164325027975112), (333, 0.021640864219720123), (334, 0.021640587086583347), (335, 0.02164014139955896), (336, 0.021639702080237945), (337, 0.02163850778164119), (338, 0.021637872808824107), (339, 0.021637639541331258), (340, 0.021636956318204836), (341, 0.0216368007544513), (342, 0.021635353204956742), (343, 0.021634705952760683), (344, 0.021633333079745028), (345, 0.021633180537246097), (346, 0.02163170396670543), (347, 0.021631220722117414), (348, 0.021631037252624247), (349, 0.02163084917198493), (350, 0.021629819122833516), (351, 0.021629379916279282), (352, 0.02162930297072208), (353, 0.02162812817363351), (354, 0.021627727921294207), (355, 0.021627286571074256), (356, 0.021627079220159898), (357, 0.021626588582762767), (358, 0.021626529859436597), (359, 0.02162605272933603), (360, 0.021625661431537883), (361, 0.02162519342424799), (362, 0.021625183662007684), (363, 0.021623769084452904), (364, 0.021623497509277348), (365, 0.021623496902432683), (366, 0.021623478555757407), (367, 0.021621991492100652), (368, 0.0216219894551486), (369, 0.021621280964018115), (370, 0.02162005230134534), (371, 0.021619854412908212), (372, 0.021618944710992977), (373, 0.021618345468558325), (374, 0.021616960024928876), (375, 0.021616960024928876), (376, 0.021616829983318892), (377, 0.021616829983318892), (378, 0.02161462619462297), (379, 0.021614624869261957), (380, 0.021614593159118695), (381, 0.021614499147902345), (382, 0.021613424431361623), (383, 0.021612504155705987), (384, 0.021612178216037656), (385, 0.021610851386195576), (386, 0.021610765606206207), (387, 0.021610255516286772), (388, 0.021610255516286772), (389, 0.021610255516286772), (390, 0.021610132043794826), (391, 0.021610132043794562), (392, 0.02160861965558098), (393, 0.02160861965558098), (394, 0.021607459214864993), (395, 0.021607459214864993), (396, 0.02160677737048262), (397, 0.021605999404210298), (398, 0.02160487389004257), (399, 0.021604625656016507), (400, 0.02160421674357713)]
2025-07-25 16:33:56.797974: predicted
0.20	52.20
0.21	52.21
0.22	52.22
0.23	52.23
0.24	52.24
0.25	52.25
0.26	52.26
0.27	52.27
0.28	52.28
0.29	52.29
0.30	52.30
0.31	52.31
0.32	52.32
0.33	52.33
0.34	52.34
0.35	52.35
0.36	52.37
0.37	52.38
0.38	52.39
0.39	52.40
0.40	52.41
0.41	52.42
0.42	52.43
0.43	52.45
0.44	52.46
0.45	52.47
0.46	52.48
0.47	52.49
0.48	52.51
0.49	52.52
0.50	52.53
0.51	52.54
0.52	52.56
0.53	52.57
0.54	52.58
0.55	52.60
0.56	52.61
0.57	52.62
0.58	52.64
0.59	52.65
0.60	52.66
0.61	52.68
0.62	52.69
0.63	52.71
0.64	52.72
0.65	52.73
0.66	52.75
0.67	52.76
0.68	52.78
0.69	52.79
0.70	52.81
0.71	52.82
0.72	52.84
0.73	52.85
0.74	52.87
0.75	52.88
0.76	52.90
0.77	52.92
0.78	52.93
0.79	52.95
0.80	52.96
0.81	52.98
0.82	53.00
0.83	53.01
0.84	53.03
0.85	53.05
0.86	53.07
0.87	53.08
0.88	53.10
0.89	53.12
0.90	53.14
0.91	53.15
0.92	53.17
0.93	53.19
0.94	53.21
0.95	53.23
0.96	53.25
0.97	53.27
0.98	53.28
0.99	53.30
['mse: 0.0131', 'mae: 0.0801', 'pfg: 0.1520', 'r2: 0.8876', 'ks_p: 0.5204', 'ks_D: 0.1333', 'mape: 0.0015']
