2025-07-07 23:31:16.278037: start test_charging
2025-07-07 23:31:16.278037: battery_model

data_provider.file_path data_v3_02_11_to_06_10.xlsx
data_provider.cols ['Timestamp', 'SoC(%)', 'Battery Current(A)', 'Battery Voltage(V)']
data_provider.searching_current 20
data_provider.spread 2 [18:22]
2025-07-07 23:31:16.279038: read_excel
2025-07-07 23:31:26.963622: get_charging_data
2025-07-07 23:31:26.976854: actual
      SoC  Battery Voltage(V)
0   0.28           53.468731
1   0.29           53.501424
2   0.30           53.526203
3   0.31           53.544271
4   0.34           53.568890
5   0.35           53.570362
6   0.36           53.569827
7   0.37           53.567984
8   0.38           53.565459
9   0.39           53.562807
10  0.40           53.560517
11  0.41           53.559010
12  0.42           53.558650
13  0.43           53.559738
14  0.44           53.562524
15  0.45           53.567202
16  0.46           53.573918
17  0.47           53.582770
18  0.48           53.593813
19  0.49           53.607064
20  0.50           53.622497
21  0.51           53.640056
22  0.52           53.659651
23  0.53           53.681165
24  0.54           53.704453
25  0.55           53.729349
26  0.56           53.755667
27  0.57           53.783204
28  0.58           53.811743
29  0.59           53.841057
30  0.60           53.870911
31  0.61           53.901064
32  0.62           53.931275
33  0.63           53.961302
34  0.64           53.990910
35  0.65           54.019868
36  0.66           54.047959
37  0.67           54.074975
38  0.68           54.100726
39  0.69           54.125042
40  0.70           54.147773
41  0.71           54.168796
42  0.72           54.188015
43  0.73           54.205365
44  0.74           54.220815
45  0.75           54.234372
46  0.76           54.246082
47  0.77           54.256034
48  0.78           54.264364
49  0.79           54.271255
50  0.80           54.276943
51  0.81           54.281720
52  0.82           54.285934
53  0.83           54.289995
54  0.84           54.294377
55  0.85           54.299620
56  0.86           54.306335
57  0.87           54.315204
58  0.88           54.326988
59  0.89           54.342523
60  0.90           54.362729
61  0.91           54.388611
62  0.92           54.421261
63  0.93           54.461861
64  0.94           54.511689
65  0.95           54.572118
66  0.96           54.644620
67  0.97           54.730772
68  0.98           54.832255
2025-07-07 23:33:16.009624: Optimized Parameters (LSM): [1.55337658e-01 4.13285941e-02 8.84301655e-03 7.18702759e-01
 8.14082691e-03 1.02866050e-02 3.13856868e-03 1.00000000e-10
 1.00000000e-10 1.00000000e-10 1.00000000e-10 1.00000000e-10
 1.00000000e-10 1.00000000e-10 1.00000000e-10 1.00000000e-10
 1.00000000e-10 1.00000000e-10 1.00000000e-10 1.00000000e-10
 1.00000000e-10 3.82001164e-03 8.50872418e-04 1.73902575e-04
 1.57825894e-03 3.81917873e-03 6.44484466e-03 4.01336790e-02
 5.73646543e-02 2.81027000e-02 1.73909289e-04]
2025-07-07 23:33:16.010626: predicted_voltages_lsm_charging_v2
2025-07-07 23:33:16.011626: predicted
['mse: 25.4910', 'mae: 5.0482', 'pfg: 9.3542', 'r2: -206.5087', 'ks_p: 0.0000', 'ks_D: 1.0000', 'mape: 0.0935']
2025-07-07 23:34:26.265249: Optimized Parameters (GA): [0.12794054 0.00874512 0.17263776 0.8796006  0.         0.07279697
 0.12178979 0.08571872 0.04838656 0.12590003 0.20209353 0.09678884
 0.54528124 0.39766218 0.25893027 0.01310221 0.16441084 0.19935861
 0.0811971  0.18855488 0.0201761  0.43292602 0.27809324 0.35204608
 0.31124499 0.         0.         0.         0.29878214 0.62539793
 0.46174193]
2025-07-07 23:34:26.266252: predicted
0.20	53.38
0.21	53.39
0.22	53.39
0.23	53.40
0.24	53.41
0.25	53.42
0.26	53.43
0.27	53.44
0.28	53.45
0.29	53.45
0.30	53.46
0.31	53.47
0.32	53.48
0.33	53.50
0.34	53.51
0.35	53.52
0.36	53.53
0.37	53.54
0.38	53.55
0.39	53.56
0.40	53.58
0.41	53.59
0.42	53.60
0.43	53.61
0.44	53.63
0.45	53.64
0.46	53.65
0.47	53.67
0.48	53.68
0.49	53.69
0.50	53.71
0.51	53.72
0.52	53.74
0.53	53.75
0.54	53.77
0.55	53.79
0.56	53.80
0.57	53.82
0.58	53.83
0.59	53.85
0.60	53.87
0.61	53.88
0.62	53.90
0.63	53.92
0.64	53.94
0.65	53.95
0.66	53.97
0.67	53.99
0.68	54.01
0.69	54.03
0.70	54.05
0.71	54.07
0.72	54.08
0.73	54.10
0.74	54.12
0.75	54.14
0.76	54.16
0.77	54.19
0.78	54.21
0.79	54.23
0.80	54.25
0.81	54.27
0.82	54.29
0.83	54.31
0.84	54.33
0.85	54.36
0.86	54.38
0.87	54.40
0.88	54.42
0.89	54.45
0.90	54.47
0.91	54.49
0.92	54.52
0.93	54.54
0.94	54.57
0.95	54.59
0.96	54.62
0.97	54.64
0.98	54.67
0.99	54.69
['mse: 0.0048', 'mae: 0.0607', 'pfg: 0.1125', 'r2: 0.9609', 'ks_p: 0.8676', 'ks_D: 0.1029', 'mape: 0.0011']
