2025-07-25 16:45:51.776606: start test_discharging
2025-07-25 16:45:51.777606: battery_model

data_provider.file_path data_v3_02_11_to_06_10.xlsx
data_provider.cols ['Timestamp', 'SoC(%)', 'Battery Current(A)', 'Battery Voltage(V)']
data_provider.searching_current 20
data_provider.spread 1 [19:21]
2025-07-25 16:45:51.777606: read_excel
2025-07-25 16:46:02.165413: actual
      SoC  Battery Voltage(V)
0   0.25           51.561294
1   0.26           51.600815
2   0.28           51.658025
3   0.29           51.677697
4   0.31           51.703616
5   0.32           51.711436
6   0.34           51.720266
7   0.36           51.723933
8   0.38           51.726364
9   0.40           51.730648
10  0.41           51.734240
11  0.45           51.763046
12  0.46           51.774487
13  0.47           51.787751
14  0.49           51.819755
15  0.51           51.858795
16  0.52           51.880764
17  0.54           51.929038
18  0.55           51.955066
19  0.56           51.982147
20  0.57           52.010110
21  0.58           52.038774
22  0.59           52.067952
23  0.60           52.097452
24  0.62           52.156638
25  0.63           52.185934
26  0.64           52.214777
27  0.65           52.242981
28  0.66           52.270371
29  0.67           52.296780
30  0.68           52.322052
31  0.69           52.346049
32  0.70           52.368645
33  0.71           52.389737
34  0.72           52.409239
35  0.73           52.427091
36  0.74           52.443256
37  0.75           52.457725
38  0.76           52.470518
39  0.77           52.481686
40  0.78           52.491315
41  0.79           52.499527
42  0.80           52.506479
43  0.81           52.512371
44  0.82           52.517444
45  0.83           52.521983
46  0.84           52.526320
47  0.85           52.530837
48  0.86           52.535963
49  0.87           52.542184
50  0.88           52.550038
51  0.89           52.560121
52  0.90           52.573090
53  0.91           52.589661
54  0.92           52.610615
55  0.94           52.669126
56  0.95           52.708581
57  0.96           52.756221
58  0.99           52.959939
59  1.00           53.052399
2025-07-25 16:47:59.876291: Optimized Parameters (LSM): [ 2.37700950e-01  4.75434124e-02  9.50881231e-03  3.21527976e-01
 -1.58446395e-01 -3.16923669e-02 -6.33859727e-03  0.00000000e+00
  0.00000000e+00  0.00000000e+00  0.00000000e+00  0.00000000e+00
  0.00000000e+00  0.00000000e+00  0.00000000e+00  0.00000000e+00
  0.00000000e+00  0.00000000e+00  0.00000000e+00  0.00000000e+00
  0.00000000e+00 -7.92007654e-03 -1.58402428e-03 -3.16803550e-04
 -2.63220389e-04 -7.92323642e-03 -2.05880119e-01 -1.40640722e-01
 -8.66248316e-02  1.58465493e-03 -3.16930422e-04]
2025-07-25 16:47:59.876291: predicted_voltages_lsm_charging_v2
2025-07-25 16:47:59.877291: predicted
0.20	51.41
0.21	51.43
0.22	51.45
0.23	51.47
0.24	51.49
0.25	51.50
0.26	51.52
0.27	51.54
0.28	51.56
0.29	51.58
0.30	51.59
0.31	51.61
0.32	51.63
0.33	51.65
0.34	51.67
0.35	51.68
0.36	51.70
0.37	51.72
0.38	51.74
0.39	51.76
0.40	51.77
0.41	51.79
0.42	51.81
0.43	51.83
0.44	51.84
0.45	51.86
0.46	51.88
0.47	51.90
0.48	51.91
0.49	51.93
0.50	51.95
0.51	51.97
0.52	51.99
0.53	52.00
0.54	52.02
0.55	52.04
0.56	52.06
0.57	52.07
0.58	52.09
0.59	52.11
0.60	52.13
0.61	52.14
0.62	52.16
0.63	52.18
0.64	52.20
0.65	52.21
0.66	52.23
0.67	52.25
0.68	52.27
0.69	52.28
0.70	52.30
0.71	52.32
0.72	52.34
0.73	52.36
0.74	52.37
0.75	52.39
0.76	52.41
0.77	52.43
0.78	52.44
0.79	52.46
0.80	52.48
0.81	52.50
0.82	52.51
0.83	52.53
0.84	52.55
0.85	52.57
0.86	52.58
0.87	52.60
0.88	52.62
0.89	52.64
0.90	52.66
0.91	52.67
0.92	52.69
0.93	52.71
0.94	52.73
0.95	52.74
0.96	52.76
0.97	52.78
0.98	52.80
0.99	52.82
['mse: 0.0048', 'mae: 0.0604', 'pfg: 0.1157', 'r2: 0.9632', 'ks_p: 0.9239', 'ks_D: 0.1017', 'mape: 0.0012']
2025-07-25 16:48:50.641715: Optimized Parameters (GA): [0.05102388 0.1547401  0.2741131  1.26178589 0.         0.
 0.         0.38632797 0.44279458 0.02290492 0.34644121 0.49248021
 0.30084375 0.08856984 0.57445431 0.0990039  0.41755526 0.27310642
 0.55760087 0.19053549 0.84147539 0.06705349 0.97974817 1.26507227
 1.16244543 0.         0.         0.         0.         2.16430738
 0.00779909]
2025-07-25 16:48:50.642715: his_best_fitness: [(1, 0.3010513512746381), (2, 0.22857923583854703), (3, 0.22857923583854703), (4, 0.20530913565568842), (5, 0.2019744460781614), (6, 0.1751728560151139), (7, 0.16762175493625833), (8, 0.15365307429595218), (9, 0.11028026442750105), (10, 0.09894530082476505), (11, 0.08719815236577022), (12, 0.08264858063635502), (13, 0.06167934154952344), (14, 0.051738330183797115), (15, 0.045647410563971716), (16, 0.04192794572845887), (17, 0.04083178921166126), (18, 0.037102054713051946), (19, 0.0351292991087544), (20, 0.028774936833860523), (21, 0.025602836267261717), (22, 0.024188754017356158), (23, 0.02240708010269109), (24, 0.021769747016731004), (25, 0.02175138993199511), (26, 0.01934632077394319), (27, 0.016781197394999357), (28, 0.014678822163088042), (29, 0.014678822163088042), (30, 0.013128410775522608), (31, 0.01279731318338579), (32, 0.012174343576257251), (33, 0.012174343576257251), (34, 0.01196942313664746), (35, 0.011969423136647518), (36, 0.011956138999542065), (37, 0.011953354342413614), (38, 0.011929984914199356), (39, 0.011916344656421902), (40, 0.011916344656421902), (41, 0.011875198796935778), (42, 0.01173269684145336), (43, 0.011701749146776064), (44, 0.01169474304234562), (45, 0.011676323477028492), (46, 0.011668766949490327), (47, 0.01166378395030871), (48, 0.01166378395030871), (49, 0.011596715308435958), (50, 0.011611059099939217), (51, 0.011612860635553661), (52, 0.011599526512794943), (53, 0.011599526512794847), (54, 0.011554780825417423), (55, 0.01156439133309766), (56, 0.01154941829722897), (57, 0.011528769304052364), (58, 0.011526717051743886), (59, 0.011527425132839112), (60, 0.011462659210748655), (61, 0.011461205220161006), (62, 0.011451488605319242), (63, 0.011451488605319237), (64, 0.011448278621886847), (65, 0.011441668624353182), (66, 0.011399184823665387), (67, 0.011375080469041891), (68, 0.011405961006567883), (69, 0.01137390197422493), (70, 0.01137390197422493), (71, 0.01136951013818312), (72, 0.011344978806441714), (73, 0.01132019418905972), (74, 0.011338048445803937), (75, 0.011310386887045219), (76, 0.011308667323562973), (77, 0.011308667323563051), (78, 0.011303633294657906), (79, 0.011299987626681357), (80, 0.011276558580611724), (81, 0.011276558580611724), (82, 0.011271075840684954), (83, 0.011267201276803519), (84, 0.011239824720206619), (85, 0.011226287453791901), (86, 0.011222176129811955), (87, 0.011222176129811955), (88, 0.011213448106133478), (89, 0.011210727893096593), (90, 0.011209450936725594), (91, 0.011203522863211348), (92, 0.011203031385919479), (93, 0.011201048586655191), (94, 0.011189463916743091), (95, 0.01117456687214894), (96, 0.011110824129145883), (97, 0.011110824129145883), (98, 0.011110824129145748), (99, 0.011110446037517558), (100, 0.011107690703865108), (101, 0.011108494039237603), (102, 0.011080912930321415), (103, 0.011080912930321415), (104, 0.011080912930321415), (105, 0.011078938380950525), (106, 0.011080912930321525), (107, 0.011080900116751276), (108, 0.011069262364440259), (109, 0.011069262364440259), (110, 0.011064657725757317), (111, 0.011047210753403806), (112, 0.011035934925108827), (113, 0.011026120895639969), (114, 0.01102612089563993), (115, 0.011002176113461869), (116, 0.011017920716830231), (117, 0.011017920716830311), (118, 0.011009592942662638), (119, 0.01100959294266245), (120, 0.01100959294266245), (121, 0.011005882360190521), (122, 0.01100488135070677), (123, 0.01100488135070677), (124, 0.010996270962674614), (125, 0.010996270962674614), (126, 0.010996270962674692), (127, 0.010996270962674531), (128, 0.010996270962674531), (129, 0.010994986442387483), (130, 0.010994986442387444), (131, 0.01098264066941284), (132, 0.010982640669412642), (133, 0.010944444256333032), (134, 0.01094465742427574), (135, 0.01094061739751134), (136, 0.01093552663282997), (137, 0.010933765433704622), (138, 0.010911747626322483), (139, 0.010912665413709501), (140, 0.010905690916778166), (141, 0.010902496765327004), (142, 0.010902435331662987), (143, 0.010786407176847979), (144, 0.010786407176847979), (145, 0.010809086048057736), (146, 0.010807341422054577), (147, 0.010795096126194951), (148, 0.010743134942078542), (149, 0.010743134942078542), (150, 0.01072664045960544), (151, 0.010726640459605445), (152, 0.0107252181775216), (153, 0.0107252181775216), (154, 0.010725048986572897), (155, 0.010721586932624441), (156, 0.01072158693262441), (157, 0.010719288440358233), (158, 0.01071856140831932), (159, 0.01071080505486757), (160, 0.010714254499246076), (161, 0.01071460389288146), (162, 0.010714603892881591), (163, 0.01068918354617824), (164, 0.010687571802731999), (165, 0.010687571802731999), (166, 0.010687495665862683), (167, 0.010687495665862558), (168, 0.010665839688949758), (169, 0.010637033340561482), (170, 0.010637033340561102), (171, 0.010542673312752921), (172, 0.010542673312752921), (173, 0.010523715405007964), (174, 0.010488157426459473), (175, 0.010468608224424407), (176, 0.010432626249297097), (177, 0.010432626249296882), (178, 0.010430983517770177), (179, 0.010395657911132672), (180, 0.010409780488642374), (181, 0.010353853180540811), (182, 0.010353853180540811), (183, 0.010363963140232496), (184, 0.010323875619110818), (185, 0.010309330601842064), (186, 0.010301958379282179), (187, 0.010271207619046856), (188, 0.01025682997108872), (189, 0.01026291197771657), (190, 0.010186578070017091), (191, 0.010187570087099265), (192, 0.010187570087099234), (193, 0.010186095264792885), (194, 0.01018449127077067), (195, 0.010147877518080347), (196, 0.010176072478928298), (197, 0.010174786363086535), (198, 0.010161584393596886), (199, 0.010161584393596632), (200, 0.010160481254804489), (201, 0.01016048125480447), (202, 0.01016048125480447), (203, 0.010146896902554776), (204, 0.010146896902554776), (205, 0.010146896902554858), (206, 0.01014689690255477), (207, 0.01014689690255477), (208, 0.010138512507072688), (209, 0.010138512507072688), (210, 0.010140513637461615), (211, 0.01013851250707248), (212, 0.010132048198192845), (213, 0.010122233854082044), (214, 0.010116259387798783), (215, 0.010116259387798783), (216, 0.010116259387798783), (217, 0.01008361441018596), (218, 0.010083614410185966), (219, 0.010059438789155491), (220, 0.010045204524278024), (221, 0.010083151383469682), (222, 0.010039509199824598), (223, 0.010039364534999939), (224, 0.010038736503079189), (225, 0.010038736503078894), (226, 0.010037733690572006), (227, 0.010038458345702713), (228, 0.010038196506890109), (229, 0.010036785312113179), (230, 0.010036022098739047), (231, 0.010035291228857872), (232, 0.01003602209873895), (233, 0.010026924772403637), (234, 0.01002692477240337), (235, 0.009995821314121855), (236, 0.009995821314121814), (237, 0.009995821314121814), (238, 0.009990387742759775), (239, 0.009995821314121814), (240, 0.009994141409426487), (241, 0.009994141409426432), (242, 0.009989458553347364), (243, 0.009989353563210233), (244, 0.009989353563209988), (245, 0.009988114895574177), (246, 0.009988114895573878), (247, 0.009988114895573878), (248, 0.00998799585231272), (249, 0.009987927871583775), (250, 0.009987927871583775), (251, 0.009987405841963701), (252, 0.009987405841963701), (253, 0.009978847723155857), (254, 0.009978847723155857), (255, 0.009977691425778694), (256, 0.009950862215793315), (257, 0.009950362854431101), (258, 0.009950755909045443), (259, 0.009950362854431101), (260, 0.0099494415504442), (261, 0.009938923893468381), (262, 0.00992139529033338), (263, 0.00992139529033328), (264, 0.009921395290333321), (265, 0.009920821676650714), (266, 0.009920821676650714), (267, 0.009920798483027026), (268, 0.009920798483026773), (269, 0.009897441196861343), (270, 0.00989650556365797), (271, 0.00989650556365777), (272, 0.009879910042712901), (273, 0.009877819479960607), (274, 0.009877819479960607), (275, 0.009876689449306707), (276, 0.009876689449306666), (277, 0.00987078948599893), (278, 0.009857658072942178), (279, 0.00985856016529051), (280, 0.009854306372188015), (281, 0.009856309046126974), (282, 0.009847390127913868), (283, 0.009843571455720188), (284, 0.009843571455720188), (285, 0.009843485029289873), (286, 0.00984309870029749), (287, 0.00983913195219637), (288, 0.009834622403686419), (289, 0.009824702423812795), (290, 0.009824702423813128), (291, 0.009823075964167427), (292, 0.009823075964167427), (293, 0.009822785902600386), (294, 0.009813330594364443), (295, 0.009786782173461819), (296, 0.009815038716775411), (297, 0.009799973539633322), (298, 0.009799973539633322), (299, 0.009797524956725454), (300, 0.009783098895454133), (301, 0.009773926692794716), (302, 0.00977345362923993), (303, 0.00977482158350467), (304, 0.00976969628339604), (305, 0.009768529798037141), (306, 0.009763579944186907), (307, 0.009763430793761584), (308, 0.009763430793761584), (309, 0.009758770479134652), (310, 0.009758770479134638), (311, 0.009755469632222392), (312, 0.009751157778755975), (313, 0.00975525179901101), (314, 0.009749588482754833), (315, 0.009749588482754735), (316, 0.009749588482754812), (317, 0.009742127228536068), (318, 0.009740780605100783), (319, 0.009740766942234094), (320, 0.0097183430249542), (321, 0.009697516260546928), (322, 0.009714554573044504), (323, 0.00970583628042327), (324, 0.009705664583568106), (325, 0.009693587627182566), (326, 0.009693587627182566), (327, 0.009687784784289392), (328, 0.009691205639868942), (329, 0.009686390341718674), (330, 0.009685399492122722), (331, 0.009685195418917358), (332, 0.009684394138157663), (333, 0.009678965740802164), (334, 0.009671663760969874), (335, 0.009668862102146094), (336, 0.009671663760969812), (337, 0.00966936923946434), (338, 0.009669369239464258), (339, 0.009664716114306039), (340, 0.009662429463840744), (341, 0.009660594297319516), (342, 0.009658004522475897), (343, 0.00965783009302722), (344, 0.009651533731487638), (345, 0.009648204358273193), (346, 0.009642332044274914), (347, 0.009646220722647729), (348, 0.009642991167099078), (349, 0.009638911298460593), (350, 0.009638911298460444), (351, 0.009636468654868937), (352, 0.009638065454768606), (353, 0.009636575248549904), (354, 0.009632387214408726), (355, 0.009631173974457442), (356, 0.009631173974457433), (357, 0.009630231627535436), (358, 0.009630019828458975), (359, 0.009629528746858976), (360, 0.00962594630155389), (361, 0.00962594630155376), (362, 0.00962520086976326), (363, 0.009624283129720928), (364, 0.009618651697322312), (365, 0.009620756437939516), (366, 0.009618810081192468), (367, 0.009617133435312519), (368, 0.009617013490551333), (369, 0.009604999166384937), (370, 0.009604938740408358), (371, 0.009605816331824349), (372, 0.009605816331824349), (373, 0.00960110319766641), (374, 0.009598807882874885), (375, 0.009593264873591986), (376, 0.009591585824898356), (377, 0.009590775568057777), (378, 0.009590303195162065), (379, 0.009584709639390648), (380, 0.009584709639390718), (381, 0.009583662366975006), (382, 0.009582809049841396), (383, 0.00957961847516623), (384, 0.009582809049841295), (385, 0.009580290653346386), (386, 0.009576206486353461), (387, 0.009576206486353461), (388, 0.009575884431282149), (389, 0.009575859206359071), (390, 0.009574750243435385), (391, 0.009574391781930541), (392, 0.009573503880520588), (393, 0.009571686145397735), (394, 0.009567173629331481), (395, 0.009560923137452167), (396, 0.009560318464980153), (397, 0.00955818059831182), (398, 0.009558060365557812), (399, 0.009558060365557812), (400, 0.009550421030125069)]
2025-07-25 16:48:50.646691: predicted
0.20	51.57
0.21	51.58
0.22	51.59
0.23	51.60
0.24	51.61
0.25	51.62
0.26	51.63
0.27	51.64
0.28	51.65
0.29	51.66
0.30	51.67
0.31	51.69
0.32	51.70
0.33	51.71
0.34	51.72
0.35	51.73
0.36	51.75
0.37	51.76
0.38	51.77
0.39	51.78
0.40	51.80
0.41	51.81
0.42	51.82
0.43	51.83
0.44	51.85
0.45	51.86
0.46	51.88
0.47	51.89
0.48	51.90
0.49	51.92
0.50	51.93
0.51	51.95
0.52	51.96
0.53	51.98
0.54	51.99
0.55	52.01
0.56	52.02
0.57	52.04
0.58	52.05
0.59	52.07
0.60	52.09
0.61	52.10
0.62	52.12
0.63	52.14
0.64	52.15
0.65	52.17
0.66	52.19
0.67	52.21
0.68	52.22
0.69	52.24
0.70	52.26
0.71	52.28
0.72	52.30
0.73	52.32
0.74	52.34
0.75	52.36
0.76	52.38
0.77	52.40
0.78	52.42
0.79	52.44
0.80	52.46
0.81	52.48
0.82	52.50
0.83	52.52
0.84	52.55
0.85	52.57
0.86	52.59
0.87	52.61
0.88	52.64
0.89	52.66
0.90	52.69
0.91	52.71
0.92	52.73
0.93	52.76
0.94	52.78
0.95	52.81
0.96	52.83
0.97	52.86
0.98	52.89
0.99	52.91
['mse: 0.0056', 'mae: 0.0653', 'pfg: 0.1251', 'r2: 0.9567', 'ks_p: 0.8052', 'ks_D: 0.1186', 'mape: 0.0012']
