2025-07-25 16:52:00.592071: start test_discharging
2025-07-25 16:52:00.592071: battery_model

data_provider.file_path data_v3_02_11_to_06_10.xlsx
data_provider.cols ['Timestamp', 'SoC(%)', 'Battery Current(A)', 'Battery Voltage(V)']
data_provider.searching_current 30
data_provider.spread 1 [29:31]
2025-07-25 16:52:00.593072: read_excel
2025-07-25 16:52:11.364512: actual
      SoC  Battery Voltage(V)
0   0.53           51.736023
1   0.54           51.718084
2   0.56           51.687645
3   0.58           51.670754
4   0.60           51.672296
5   0.65           51.765608
6   0.68           51.874476
7   0.74           52.143261
8   0.75           52.186641
9   0.77           52.266043
10  0.78           52.300874
11  0.81           52.380115
12  0.83           52.408872
13  0.89           52.385491
14  0.92           52.343220
15  1.00           52.541848
2025-07-25 16:52:46.628830: Optimized Parameters (LSM): [ 2.00489307e-01  6.01510060e-02  1.80456796e-02  2.80839938e-01
 -1.57474883e-01 -4.72444524e-02 -1.41735132e-02  0.00000000e+00
  0.00000000e+00  0.00000000e+00  0.00000000e+00  0.00000000e+00
  0.00000000e+00  0.00000000e+00  0.00000000e+00  0.00000000e+00
  0.00000000e+00  0.00000000e+00  0.00000000e+00  0.00000000e+00
  0.00000000e+00 -5.25173912e-03 -1.57552555e-03 -4.72660211e-04
 -1.70688058e-04 -5.24946774e-03 -1.55040583e-01 -8.36403262e-02
 -3.88623393e-02  1.57484388e-03 -4.72455175e-04]
2025-07-25 16:52:46.629830: predicted_voltages_lsm_charging_v2
2025-07-25 16:52:46.630832: predicted
0.20	51.08
0.21	51.10
0.22	51.12
0.23	51.13
0.24	51.15
0.25	51.17
0.26	51.19
0.27	51.21
0.28	51.23
0.29	51.25
0.30	51.26
0.31	51.28
0.32	51.30
0.33	51.32
0.34	51.34
0.35	51.36
0.36	51.38
0.37	51.39
0.38	51.41
0.39	51.43
0.40	51.45
0.41	51.47
0.42	51.49
0.43	51.51
0.44	51.52
0.45	51.54
0.46	51.56
0.47	51.58
0.48	51.60
0.49	51.62
0.50	51.64
0.51	51.66
0.52	51.67
0.53	51.69
0.54	51.71
0.55	51.73
0.56	51.75
0.57	51.77
0.58	51.79
0.59	51.81
0.60	51.83
0.61	51.84
0.62	51.86
0.63	51.88
0.64	51.90
0.65	51.92
0.66	51.94
0.67	51.96
0.68	51.98
0.69	52.00
0.70	52.02
0.71	52.04
0.72	52.06
0.73	52.07
0.74	52.09
0.75	52.11
0.76	52.13
0.77	52.15
0.78	52.17
0.79	52.19
0.80	52.21
0.81	52.23
0.82	52.25
0.83	52.27
0.84	52.29
0.85	52.31
0.86	52.33
0.87	52.35
0.88	52.37
0.89	52.39
0.90	52.41
0.91	52.43
0.92	52.45
0.93	52.47
0.94	52.49
0.95	52.51
0.96	52.53
0.97	52.55
0.98	52.57
0.99	52.59
['mse: 0.0114', 'mae: 0.0960', 'pfg: 0.1845', 'r2: 0.8689', 'ks_p: 0.6781', 'ks_D: 0.2667', 'mape: 0.0018']
2025-07-25 16:53:02.934200: Optimized Parameters (GA): [0.         0.08962411 0.05154274 1.31357426 0.         0.
 0.         0.64186932 0.82686872 0.66292191 0.82726574 0.07404652
 0.37041258 0.08577934 0.11641546 0.58160565 0.12314065 0.07702909
 0.50174092 0.05177252 0.58489367 0.51569415 1.87018286 1.28868179
 1.31583673 0.         0.         0.         0.         2.15529633
 0.        ]
2025-07-25 16:53:02.934200: his_best_fitness: [(1, 0.15724660764659515), (2, 0.1520290683676624), (3, 0.14646630548247375), (4, 0.12503000607659484), (5, 0.12503000607659484), (6, 0.12496513251321123), (7, 0.12214711220698798), (8, 0.12125758532884273), (9, 0.11746202520551338), (10, 0.11662722704451756), (11, 0.10334677380106887), (12, 0.10389088079862477), (13, 0.10175408379540477), (14, 0.09857240394460887), (15, 0.09134286166764201), (16, 0.08849558674669827), (17, 0.0827646618873736), (18, 0.08038168954850575), (19, 0.07302005334044598), (20, 0.07198789174671502), (21, 0.06246185416980389), (22, 0.06246185416980389), (23, 0.06007318938938095), (24, 0.05914032386865105), (25, 0.053514276838228604), (26, 0.05329884645022303), (27, 0.0485452962275209), (28, 0.04573725881342858), (29, 0.0424120014825808), (30, 0.0410027154477783), (31, 0.03686018511062471), (32, 0.03765401806491732), (33, 0.0352852440446345), (34, 0.03359169551165943), (35, 0.03188268918669451), (36, 0.030741419547948658), (37, 0.030741419547948658), (38, 0.029970678705324737), (39, 0.028378828445383933), (40, 0.028124573468346195), (41, 0.027559342919451512), (42, 0.02639168303739852), (43, 0.025892604051305054), (44, 0.02560327628937562), (45, 0.025433684814262073), (46, 0.025263808093144074), (47, 0.025238397489823178), (48, 0.02510866052287109), (49, 0.025086949489990296), (50, 0.02506291141573177), (51, 0.025077861861703542), (52, 0.02507786186170311), (53, 0.025061037511977097), (54, 0.025061037511977524), (55, 0.025040554851613925), (56, 0.025044010872168142), (57, 0.025037427381108753), (58, 0.02497526301414663), (59, 0.02500777198727333), (60, 0.025007771987272172), (61, 0.02497308885695923), (62, 0.02497308885695878), (63, 0.024955821839289384), (64, 0.02495345890430606), (65, 0.02495345890430606), (66, 0.024923063764950588), (67, 0.024923063764949627), (68, 0.024923063764949627), (69, 0.02486029369104909), (70, 0.024901856556844147), (71, 0.024901856556843016), (72, 0.024901856556843956), (73, 0.02489059986319305), (74, 0.02486823457121553), (75, 0.024868234571215373), (76, 0.024868234571214853), (77, 0.024816125060128296), (78, 0.02477654925494062), (79, 0.024776549254942302), (80, 0.02465932811882872), (81, 0.02468329741211236), (82, 0.02467635413731747), (83, 0.024698421484177516), (84, 0.024529539560624244), (85, 0.024444285909275117), (86, 0.024444285909275117), (87, 0.02441286307130574), (88, 0.02441286307130574), (89, 0.02440174560781094), (90, 0.024405757261528417), (91, 0.024395492408509304), (92, 0.0243866572049386), (93, 0.024362417175805964), (94, 0.024339332512036904), (95, 0.024297460780874247), (96, 0.02429746078087445), (97, 0.02428651622584408), (98, 0.024278984535582453), (99, 0.024278984535581416), (100, 0.024267765319718484), (101, 0.024247699035188655), (102, 0.024245975357136212), (103, 0.024245975357136212), (104, 0.024245975357135956), (105, 0.024241221211734918), (106, 0.02424122121173503), (107, 0.024241221211734748), (108, 0.02423511981220587), (109, 0.024230198913343774), (110, 0.024231044713246948), (111, 0.024201980846193728), (112, 0.024201980846192954), (113, 0.024201980846192954), (114, 0.024112850090221797), (115, 0.024112850090221797), (116, 0.024112850090221797), (117, 0.024090634203619177), (118, 0.02408590535590481), (119, 0.024066926323826572), (120, 0.024066926323826572), (121, 0.02407300281780855), (122, 0.024073927561348497), (123, 0.02407237713457442), (124, 0.024054148234529976), (125, 0.024055937020456095), (126, 0.024054148234530105), (127, 0.024047301798651027), (128, 0.02403626373572216), (129, 0.024031851172173095), (130, 0.023990236956864995), (131, 0.023973536286429113), (132, 0.02396831275646439), (133, 0.02395908660720216), (134, 0.02395908660720216), (135, 0.023944803332640686), (136, 0.023944803332640527), (137, 0.023944803332640124), (138, 0.02391094786355919), (139, 0.02392209686601779), (140, 0.023932872956060156), (141, 0.0238206164399513), (142, 0.0238206164399513), (143, 0.0238079403572434), (144, 0.023812807859468904), (145, 0.02379576424510087), (146, 0.02375193800875064), (147, 0.023750793678944115), (148, 0.023414404569818133), (149, 0.023414404569818133), (150, 0.023414404569818133), (151, 0.023414404569818133), (152, 0.023414404569818133), (153, 0.023414404569817936), (154, 0.023370828380145245), (155, 0.02341085527644797), (156, 0.02341085527644797), (157, 0.02339179442459175), (158, 0.02337795371247786), (159, 0.023377953712477504), (160, 0.023377953712477504), (161, 0.023377953712477226), (162, 0.02335217643129696), (163, 0.0233329952584504), (164, 0.023316084037214458), (165, 0.023308525057129346), (166, 0.023208351655044056), (167, 0.023208351655044056), (168, 0.023167300841804635), (169, 0.023308512842916712), (170, 0.023296557400807022), (171, 0.023296557400807022), (172, 0.02329295017205612), (173, 0.02329295017205612), (174, 0.023292950172057125), (175, 0.02329295017205591), (176, 0.023292950172055734), (177, 0.023256747044247766), (178, 0.0232567470442476), (179, 0.0232315011053555), (180, 0.0232315011053555), (181, 0.0232315011053555), (182, 0.023228534582295096), (183, 0.02322838493136291), (184, 0.02322486599006967), (185, 0.023214277825125754), (186, 0.023219587042310766), (187, 0.023201239678749083), (188, 0.023200377324884447), (189, 0.023215901329379278), (190, 0.02319957696222598), (191, 0.023159057384707697), (192, 0.023187071072920586), (193, 0.023128803198620183), (194, 0.023076251126642452), (195, 0.023076251126642452), (196, 0.023016678241329143), (197, 0.023016678241329677), (198, 0.023016678241329483), (199, 0.022984665257135023), (200, 0.02298466525713419), (201, 0.02298466525713424), (202, 0.022973455351328255), (203, 0.022973455351328102), (204, 0.022973455351328102), (205, 0.022973455351328102), (206, 0.022972889472115992), (207, 0.0229675571811971), (208, 0.0229312414294521), (209, 0.022923599112369915), (210, 0.022923599112370095), (211, 0.022923128209542183), (212, 0.022921723214901435), (213, 0.02289045549314328), (214, 0.022888655323959256), (215, 0.022862286581969267), (216, 0.02286039137057562), (217, 0.022855247161866182), (218, 0.022855193470502792), (219, 0.022854239350064868), (220, 0.022852703439938137), (221, 0.022854239350064344), (222, 0.0228542393500644), (223, 0.022839039514345832), (224, 0.022837769407099223), (225, 0.022823718034939447), (226, 0.022821705718836682), (227, 0.022821705718836682), (228, 0.022821705718836377), (229, 0.022808877046488464), (230, 0.02281262325337234), (231, 0.02280887704648854), (232, 0.022808877046488464), (233, 0.022793251839579785), (234, 0.02279335471595892), (235, 0.02279335471595894), (236, 0.022774153925151884), (237, 0.022774153925151884), (238, 0.022773834605478896), (239, 0.02275299286213979), (240, 0.02274593216132303), (241, 0.02274338645785131), (242, 0.02274338645785131), (243, 0.02270935913584507), (244, 0.022720651703731193), (245, 0.02269095074670076), (246, 0.022674171407757057), (247, 0.02265317740249225), (248, 0.022642076130498345), (249, 0.022631399444754417), (250, 0.022631399444754417), (251, 0.022628523211564115), (252, 0.0225938460046569), (253, 0.022579703711011624), (254, 0.022579703711011326), (255, 0.022568098906680302), (256, 0.022577725317851516), (257, 0.02257261536532388), (258, 0.022557769585825158), (259, 0.022534842640435808), (260, 0.02252570617783151), (261, 0.022505411897129124), (262, 0.02250203143414182), (263, 0.022504175272459032), (264, 0.02249564753466122), (265, 0.022498672037015048), (266, 0.022500412681472678), (267, 0.022490200856036438), (268, 0.02248800958567453), (269, 0.022478916251939658), (270, 0.022478916251939235), (271, 0.0224715577643606), (272, 0.02244075814176274), (273, 0.02243933901049739), (274, 0.022422121617956016), (275, 0.022402785235360066), (276, 0.022402785235359744), (277, 0.02240056166787579), (278, 0.022401550119839124), (279, 0.022402785235359744), (280, 0.022388734835636317), (281, 0.022378992361393332), (282, 0.022377977115165412), (283, 0.022367222425029344), (284, 0.02237417821708207), (285, 0.022373756835690574), (286, 0.022349248318371828), (287, 0.022343125210340598), (288, 0.022340390928097455), (289, 0.02233085102915012), (290, 0.02233085102915012), (291, 0.02233063089259312), (292, 0.02233085102914989), (293, 0.02233063089259312), (294, 0.02231971360475194), (295, 0.022323299247010455), (296, 0.02228499038017949), (297, 0.02226590250368579), (298, 0.022241967024127476), (299, 0.022241967024127476), (300, 0.022237462787469166), (301, 0.022224260863647496), (302, 0.022224011870115055), (303, 0.022221431854683345), (304, 0.022221431854683345), (305, 0.022221431854682783), (306, 0.022214658693654618), (307, 0.02221958320739631), (308, 0.022221431854682738), (309, 0.02219499664478005), (310, 0.022191104158381096), (311, 0.022191017574635437), (312, 0.022180024231751888), (313, 0.0221785959133125), (314, 0.022168301647407615), (315, 0.022168301647407712), (316, 0.022162904648949842), (317, 0.022162371515679995), (318, 0.022117650795763968), (319, 0.022117297194431902), (320, 0.022102832764627843), (321, 0.022098029752283564), (322, 0.022096217671582923), (323, 0.0220929733575541), (324, 0.02209284897634152), (325, 0.022089521006083045), (326, 0.022077063076123348), (327, 0.022077063076123348), (328, 0.0220627593600239), (329, 0.02207224907421817), (330, 0.02207224907421776), (331, 0.022072249074217967), (332, 0.02207414589860688), (333, 0.02207414589860688), (334, 0.02207418268171031), (335, 0.02207411827726559), (336, 0.022062466690935367), (337, 0.022054777620367227), (338, 0.022054373962607746), (339, 0.022036049269442085), (340, 0.022027521285278753), (341, 0.022027349854098658), (342, 0.02202654249576349), (343, 0.022026058928591847), (344, 0.022003635791627226), (345, 0.02200173577270455), (346, 0.021991591643137492), (347, 0.02199159164313664), (348, 0.0219914705387117), (349, 0.021982957207514787), (350, 0.0219829572075144), (351, 0.021978836747865754), (352, 0.021972237903315546), (353, 0.02197041461948924), (354, 0.02196934181295345), (355, 0.02196934181295345), (356, 0.021968379488871155), (357, 0.02196826175141387), (358, 0.02195966881400281), (359, 0.021955001628545412), (360, 0.02195058341981272), (361, 0.02195058341981253), (362, 0.021949970046734844), (363, 0.021949970046734844), (364, 0.0219454412301339), (365, 0.0219454412301339), (366, 0.021931737062608272), (367, 0.021930415084552467), (368, 0.021928637498420646), (369, 0.02192386548409851), (370, 0.021922130221894674), (371, 0.021920715813680425), (372, 0.021918811848878), (373, 0.02191854801985763), (374, 0.02191709102346235), (375, 0.02191667228002158), (376, 0.02190747009192925), (377, 0.02190957525475934), (378, 0.0219064905592146), (379, 0.021902704803413903), (380, 0.021905136438977887), (381, 0.021901087756334703), (382, 0.021899711436279952), (383, 0.021899835157376268), (384, 0.021899835157376195), (385, 0.021899810829205543), (386, 0.02188739590115428), (387, 0.021887438671380023), (388, 0.021887438671379926), (389, 0.021887350962532734), (390, 0.021887350962532734), (391, 0.02187358287256265), (392, 0.02187358287256265), (393, 0.02187379493393104), (394, 0.02187257937702185), (395, 0.021862267698151944), (396, 0.02184980401950353), (397, 0.02184478948859166), (398, 0.021844551725130452), (399, 0.021840909050936046), (400, 0.021836829244130194)]
2025-07-25 16:53:02.939118: predicted
0.20	51.30
0.21	51.31
0.22	51.32
0.23	51.33
0.24	51.34
0.25	51.35
0.26	51.36
0.27	51.37
0.28	51.38
0.29	51.39
0.30	51.41
0.31	51.42
0.32	51.43
0.33	51.44
0.34	51.45
0.35	51.46
0.36	51.48
0.37	51.49
0.38	51.50
0.39	51.51
0.40	51.53
0.41	51.54
0.42	51.55
0.43	51.56
0.44	51.58
0.45	51.59
0.46	51.60
0.47	51.62
0.48	51.63
0.49	51.65
0.50	51.66
0.51	51.68
0.52	51.69
0.53	51.71
0.54	51.72
0.55	51.74
0.56	51.75
0.57	51.77
0.58	51.78
0.59	51.80
0.60	51.82
0.61	51.83
0.62	51.85
0.63	51.87
0.64	51.89
0.65	51.90
0.66	51.92
0.67	51.94
0.68	51.96
0.69	51.98
0.70	51.99
0.71	52.01
0.72	52.03
0.73	52.05
0.74	52.07
0.75	52.09
0.76	52.11
0.77	52.13
0.78	52.15
0.79	52.18
0.80	52.20
0.81	52.22
0.82	52.24
0.83	52.26
0.84	52.29
0.85	52.31
0.86	52.33
0.87	52.36
0.88	52.38
0.89	52.40
0.90	52.43
0.91	52.45
0.92	52.48
0.93	52.50
0.94	52.53
0.95	52.56
0.96	52.58
0.97	52.61
0.98	52.64
0.99	52.66
['mse: 0.0128', 'mae: 0.0994', 'pfg: 0.1910', 'r2: 0.8530', 'ks_p: 0.6781', 'ks_D: 0.2667', 'mape: 0.0019']
