2025-07-07 23:17:06.036222: start test_discharging
2025-07-07 23:17:06.036222: battery_model

data_provider.file_path data_v3_02_11_to_06_10.xlsx
data_provider.cols ['Timestamp', 'SoC(%)', 'Battery Current(A)', 'Battery Voltage(V)']
data_provider.searching_current 20
data_provider.spread 2 [18:22]
2025-07-07 23:17:06.037225: read_excel
2025-07-07 23:17:16.918197: actual
      SoC  Battery Voltage(V)
0   0.24           51.394442
1   0.25           51.491210
2   0.26           51.571955
3   0.27           51.638423
4   0.28           51.692252
5   0.29           51.734978
6   0.31           51.792762
7   0.32           51.810400
8   0.33           51.822099
9   0.34           51.828922
10  0.36           51.831759
11  0.37           51.829478
12  0.38           51.825737
13  0.39           51.821198
14  0.40           51.816449
15  0.41           51.812011
16  0.44           51.804807
17  0.45           51.805552
18  0.46           51.808287
19  0.47           51.813180
20  0.48           51.820353
21  0.49           51.829884
22  0.50           51.841806
23  0.51           51.856113
24  0.52           51.872765
25  0.54           51.912764
26  0.55           51.935870
27  0.56           51.960842
28  0.57           51.987499
29  0.58           52.015638
30  0.59           52.045042
31  0.60           52.075480
32  0.61           52.106710
33  0.62           52.138483
34  0.63           52.170544
35  0.64           52.202637
36  0.65           52.234507
37  0.66           52.265902
38  0.67           52.296579
39  0.68           52.326302
40  0.69           52.354850
41  0.70           52.382016
42  0.71           52.407612
43  0.72           52.431471
44  0.73           52.453450
45  0.74           52.473433
46  0.75           52.491336
47  0.76           52.507106
48  0.77           52.520726
49  0.78           52.532218
50  0.79           52.541645
51  0.80           52.549116
52  0.81           52.554786
53  0.82           52.558861
54  0.83           52.561600
55  0.84           52.563317
56  0.85           52.564388
57  0.86           52.565248
58  0.87           52.566399
59  0.88           52.568407
60  0.89           52.571914
61  0.90           52.577632
62  0.91           52.586349
63  0.92           52.598934
64  0.93           52.616338
65  0.94           52.639597
66  0.95           52.669834
67  0.96           52.708264
68  0.98           52.815034
69  0.99           52.886284
70  1.00           52.971552
2025-07-07 23:19:06.951642: Optimized Parameters (LSM): [8.36409784e-02 3.23818946e-02 7.58113285e-03 1.58580009e+00
 1.51673087e-17 3.94862016e-06 2.40477680e-04 1.00000001e-10
 1.00000000e-10 9.99999999e-11 1.00000000e-10 1.00000000e-10
 9.99999999e-11 1.00000000e-10 1.00000000e-10 1.00000000e-10
 1.00000000e-10 1.00000000e-10 1.00000000e-10 1.00000000e-10
 1.00000000e-10 2.10874294e-04 1.76823261e-04 4.71228172e-05
 2.21643655e-03 2.09955111e-04 8.72175315e-06 2.93987882e-06
 1.93429175e-06 3.59777757e-01 4.71073708e-05]
2025-07-07 23:19:06.952642: predicted_voltages_lsm_charging_v2
2025-07-07 23:19:06.953642: predicted
0.20	51.64
0.21	51.65
0.22	51.65
0.23	51.66
0.24	51.67
0.25	51.68
0.26	51.69
0.27	51.70
0.28	51.71
0.29	51.72
0.30	51.72
0.31	51.73
0.32	51.74
0.33	51.75
0.34	51.76
0.35	51.77
0.36	51.78
0.37	51.79
0.38	51.81
0.39	51.82
0.40	51.83
0.41	51.84
0.42	51.85
0.43	51.86
0.44	51.87
0.45	51.88
0.46	51.90
0.47	51.91
0.48	51.92
0.49	51.93
0.50	51.95
0.51	51.96
0.52	51.97
0.53	51.99
0.54	52.00
0.55	52.01
0.56	52.03
0.57	52.04
0.58	52.06
0.59	52.07
0.60	52.09
0.61	52.10
0.62	52.12
0.63	52.13
0.64	52.15
0.65	52.17
0.66	52.18
0.67	52.20
0.68	52.22
0.69	52.23
0.70	52.25
0.71	52.27
0.72	52.29
0.73	52.31
0.74	52.33
0.75	52.35
0.76	52.36
0.77	52.38
0.78	52.40
0.79	52.42
0.80	52.45
0.81	52.47
0.82	52.49
0.83	52.51
0.84	52.53
0.85	52.55
0.86	52.58
0.87	52.60
0.88	52.62
0.89	52.65
0.90	52.67
0.91	52.70
0.92	52.72
0.93	52.75
0.94	52.77
0.95	52.80
0.96	52.83
0.97	52.85
0.98	52.88
0.99	52.91
['mse: 0.0094', 'mae: 0.0812', 'pfg: 0.1556', 'r2: 0.9320', 'ks_p: 0.6128', 'ks_D: 0.1286', 'mape: 0.0016']
2025-07-07 23:20:19.772216: Optimized Parameters (GA): [0.00567855 0.33686419 0.58776117 1.1260476  0.         0.
 0.         0.1697648  0.42702575 0.06478763 0.37973903 0.74837285
 0.51774809 0.01958936 0.10502294 0.3662815  0.46456111 0.06638316
 0.00275308 0.0591478  0.38195431 0.07656328 1.00660798 0.86757821
 1.02777252 0.         0.         0.         0.         2.6921209
 0.02301825]
2025-07-07 23:20:19.773217: predicted
0.20	51.58
0.21	51.59
0.22	51.61
0.23	51.62
0.24	51.63
0.25	51.64
0.26	51.65
0.27	51.66
0.28	51.67
0.29	51.68
0.30	51.69
0.31	51.70
0.32	51.72
0.33	51.73
0.34	51.74
0.35	51.75
0.36	51.76
0.37	51.78
0.38	51.79
0.39	51.80
0.40	51.81
0.41	51.83
0.42	51.84
0.43	51.85
0.44	51.87
0.45	51.88
0.46	51.89
0.47	51.91
0.48	51.92
0.49	51.94
0.50	51.95
0.51	51.96
0.52	51.98
0.53	51.99
0.54	52.01
0.55	52.02
0.56	52.04
0.57	52.05
0.58	52.07
0.59	52.08
0.60	52.10
0.61	52.12
0.62	52.13
0.63	52.15
0.64	52.17
0.65	52.18
0.66	52.20
0.67	52.22
0.68	52.23
0.69	52.25
0.70	52.27
0.71	52.29
0.72	52.31
0.73	52.32
0.74	52.34
0.75	52.36
0.76	52.38
0.77	52.40
0.78	52.42
0.79	52.44
0.80	52.46
0.81	52.48
0.82	52.50
0.83	52.52
0.84	52.54
0.85	52.56
0.86	52.58
0.87	52.60
0.88	52.63
0.89	52.65
0.90	52.67
0.91	52.69
0.92	52.72
0.93	52.74
0.94	52.76
0.95	52.78
0.96	52.81
0.97	52.83
0.98	52.86
0.99	52.88
['mse: 0.0079', 'mae: 0.0771', 'pfg: 0.1478', 'r2: 0.9425', 'ks_p: 0.7544', 'ks_D: 0.1143', 'mape: 0.0015']
