2025-07-22 08:49:27.265692: start test_charging
2025-07-22 08:49:27.265692: battery_model

data_provider.file_path data_v3_02_11_to_06_10.xlsx
data_provider.cols ['Timestamp', 'SoC(%)', 'Battery Current(A)', 'Battery Voltage(V)']
data_provider.searching_current 5
data_provider.spread 2 [3:7]
2025-07-22 08:49:27.265692: read_excel
2025-07-22 08:49:37.635914: get_charging_data
2025-07-22 08:49:37.651961: actual
      SoC  Battery Voltage(V)
0   0.19           51.995836
1   0.20           52.141407
2   0.21           52.271608
3   0.22           52.387630
4   0.23           52.490608
5   0.24           52.581624
6   0.25           52.661705
7   0.26           52.731827
8   0.27           52.792914
9   0.28           52.845840
10  0.29           52.891431
11  0.30           52.930467
12  0.31           52.963679
13  0.32           52.991755
14  0.33           53.015338
15  0.34           53.035031
16  0.35           53.051394
17  0.36           53.064946
18  0.37           53.076168
19  0.38           53.085505
20  0.39           53.093364
21  0.40           53.100117
22  0.41           53.106102
23  0.42           53.111625
24  0.43           53.116960
25  0.44           53.122351
26  0.45           53.128012
27  0.46           53.134131
28  0.47           53.140868
29  0.48           53.148357
30  0.49           53.156710
31  0.50           53.166015
32  0.51           53.176337
33  0.52           53.187723
34  0.53           53.200198
35  0.54           53.213771
36  0.55           53.228433
37  0.56           53.244161
38  0.57           53.260916
39  0.58           53.278645
40  0.59           53.297287
41  0.60           53.316765
42  0.61           53.336996
43  0.62           53.357888
44  0.63           53.379341
45  0.64           53.401252
46  0.65           53.423509
47  0.66           53.445999
48  0.67           53.468608
49  0.68           53.491218
50  0.69           53.513715
51  0.70           53.535982
52  0.71           53.557909
53  0.72           53.579387
54  0.73           53.600314
55  0.74           53.620593
56  0.75           53.640134
57  0.76           53.658859
58  0.77           53.676697
59  0.78           53.693588
60  0.79           53.709487
61  0.80           53.724361
62  0.81           53.738192
63  0.82           53.750978
64  0.83           53.762735
65  0.84           53.773497
66  0.85           53.783318
67  0.86           53.792273
68  0.87           53.800460
69  0.88           53.807998
70  0.89           53.815034
71  0.90           53.821738
72  0.91           53.828309
73  0.92           53.834973
74  0.93           53.841987
75  0.94           53.849637
76  0.95           53.858243
77  0.96           53.868156
78  0.97           53.879763
79  0.98           53.893487
80  0.99           53.909787
81  1.00           53.929159
2025-07-22 08:50:45.625025: Optimized Parameters (GA): [0.29697728 2.2390405  1.78498068 0.76290094 0.         0.
 0.0089007  0.         0.62690204 1.00274853 0.08210978 0.2601628
 0.         0.43768409 0.11214583 0.36638758 0.02670574 0.33539565
 0.17798586 0.         0.86842778 0.93922411 0.50162134 0.72998773
 0.73801733 0.         0.         0.         0.         2.96111127
 0.11369999]
2025-07-22 08:50:45.625025: his_best_fitness: [(1, 0.3661638520408235), (2, 0.20701957239603047), (3, 0.20179157065687023), (4, 0.15981625003605388), (5, 0.14913852619019813), (6, 0.12027088120262011), (7, 0.10717305235826918), (8, 0.1028328707644518), (9, 0.08290432578885332), (10, 0.07629992800677668), (11, 0.06276240052588598), (12, 0.04989308876452327), (13, 0.04787927928676635), (14, 0.044464919132095784), (15, 0.04446491913209566), (16, 0.043710120728899515), (17, 0.043538195690437945), (18, 0.043327363193285784), (19, 0.043159672695446565), (20, 0.04311826036590771), (21, 0.04315967269544668), (22, 0.0426687709405654), (23, 0.04246580457760932), (24, 0.04218745523337433), (25, 0.04205407097295994), (26, 0.041885517944774964), (27, 0.04178087428043949), (28, 0.04164486092210622), (29, 0.04162385564725008), (30, 0.041617162682533834), (31, 0.04142638353021053), (32, 0.04142638353021053), (33, 0.04133543278851384), (34, 0.04064729196095984), (35, 0.040452823493736224), (36, 0.04022256560536615), (37, 0.04022232701332519), (38, 0.040082116689779373), (39, 0.040082116689779373), (40, 0.03995058310312483), (41, 0.03979967357808803), (42, 0.03979967357808803), (43, 0.03979967357808803), (44, 0.03977327902767551), (45, 0.03979967357808803), (46, 0.0397686241282318), (47, 0.03970913782467951), (48, 0.039696433132731065), (49, 0.03969130390045886), (50, 0.03969130390045886), (51, 0.03968860838936934), (52, 0.03936359760038691), (53, 0.03935966086153142), (54, 0.03926699605317127), (55, 0.039266996053171015), (56, 0.03926699605317127), (57, 0.039195315208063415), (58, 0.039195315208063415), (59, 0.03917934051958687), (60, 0.03914015247956653), (61, 0.039136854024435036), (62, 0.03913161271753887), (63, 0.039127291922671815), (64, 0.03912729192267173), (65, 0.03911826705600198), (66, 0.03911469752804442), (67, 0.03910241908688386), (68, 0.03910241908688386), (69, 0.039105667438218), (70, 0.038956843379710226), (71, 0.039099531816923744), (72, 0.03909484958047267), (73, 0.03909484958047267), (74, 0.03909363767960515), (75, 0.03908825147891401), (76, 0.039079400246600574), (77, 0.039079400246600435), (78, 0.03907727216593056), (79, 0.0390726621437245), (80, 0.03905559480351396), (81, 0.03904416383233937), (82, 0.03904416383233937), (83, 0.0390298842191506), (84, 0.038979657836346354), (85, 0.038979657836346354), (86, 0.03897515980356471), (87, 0.038714072627018856), (88, 0.038714072627018856), (89, 0.038734826954931675), (90, 0.03870794618658243), (91, 0.03864954461078892), (92, 0.03861099027116923), (93, 0.03861077515245661), (94, 0.03860712607894075), (95, 0.038607126078940984), (96, 0.038606995912022816), (97, 0.038563428705168046), (98, 0.03854660002548846), (99, 0.03850734635958309), (100, 0.038501862523611964), (101, 0.038481934028549554), (102, 0.03847425061462337), (103, 0.038466111873576826), (104, 0.03845251739980132), (105, 0.03832516276718066), (106, 0.03832430224153795), (107, 0.03832430224153795), (108, 0.038254819721303845), (109, 0.03821568343098036), (110, 0.03814182476698094), (111, 0.03818930814156803), (112, 0.03819496517465168), (113, 0.03819544593714665), (114, 0.03816879649713054), (115, 0.03816860185790179), (116, 0.03811575129272923), (117, 0.03808653412806915), (118, 0.038002950195263716), (119, 0.03804184921933675), (120, 0.03800098448906153), (121, 0.037996552403693595), (122, 0.037946839585381205), (123, 0.0379414814999006), (124, 0.03792081472994813), (125, 0.03785669991027396), (126, 0.03788378615895452), (127, 0.037808196106294746), (128, 0.037808196106294746), (129, 0.03779293538926486), (130, 0.037784978423350025), (131, 0.03778497842334993), (132, 0.037746095637676766), (133, 0.03773956767419556), (134, 0.03770899760204527), (135, 0.03766100894884812), (136, 0.03765699798717746), (137, 0.03765095088426647), (138, 0.03763881005046035), (139, 0.03762262093822693), (140, 0.03762221238849249), (141, 0.03762085394596917), (142, 0.03762085394596917), (143, 0.03758510390198315), (144, 0.037560928668073125), (145, 0.03760033673522311), (146, 0.03759871862881467), (147, 0.03758021495953079), (148, 0.03754442600472101), (149, 0.037538392400382425), (150, 0.037524539106837354), (151, 0.037508022517567643), (152, 0.037476773302317974), (153, 0.03737950335084392), (154, 0.03737477025684821), (155, 0.03704429845404117), (156, 0.037038591128529655), (157, 0.03703821966817066), (158, 0.03703859112852929), (159, 0.037026634549639816), (160, 0.03699778908097893), (161, 0.0369799222149915), (162, 0.0369975638789629), (163, 0.036997331368039135), (164, 0.036997331368039295), (165, 0.036972795774227796), (166, 0.03692970033493086), (167, 0.03688074243282186), (168, 0.03687765123112774), (169, 0.03686247916124324), (170, 0.03686247916124324), (171, 0.03686067237424456), (172, 0.03685819021034631), (173, 0.03685712234223734), (174, 0.03685639582998654), (175, 0.036852024633353256), (176, 0.03685366291819565), (177, 0.03681449467965019), (178, 0.036799186683460106), (179, 0.03679874950136729), (180, 0.03675876659111953), (181, 0.03675171202857672), (182, 0.03672915528255809), (183, 0.03661669472754581), (184, 0.03661153368191258), (185, 0.03661072709637355), (186, 0.03661042682156734), (187, 0.03661035049751377), (188, 0.0365793036044778), (189, 0.03657653181324018), (190, 0.03654420006941975), (191, 0.036560636715505634), (192, 0.036545291752835024), (193, 0.03651141730348303), (194, 0.0365114173034832), (195, 0.03647668236456637), (196, 0.036477719163700226), (197, 0.03643240538105988), (198, 0.03643240538105988), (199, 0.03641829599737129), (200, 0.03640953265332451), (201, 0.03639830044959248), (202, 0.036404306358729585), (203, 0.03640037680925034), (204, 0.03638459376384286), (205, 0.03638263239805299), (206, 0.036381867670352216), (207, 0.036380802727097386), (208, 0.03638134625755375), (209, 0.03637075665402983), (210, 0.03637075665402983), (211, 0.03637075665402983), (212, 0.036359724000449234), (213, 0.036356967731093245), (214, 0.036350721028271436), (215, 0.036345737405999556), (216, 0.03633707415965165), (217, 0.03633710918841039), (218, 0.03633710918841039), (219, 0.036335460757583815), (220, 0.03632114256696406), (221, 0.03631627530145407), (222, 0.036316605064132826), (223, 0.03631498306190904), (224, 0.03630267959190034), (225, 0.03629446798577152), (226, 0.03627962106573593), (227, 0.03627962106573549), (228, 0.03627900855994178), (229, 0.03628000452053675), (230, 0.03627748383780839), (231, 0.036261215360199314), (232, 0.03625171663686263), (233, 0.036238063639967386), (234, 0.03624550180507903), (235, 0.036235787678227216), (236, 0.036235787678227216), (237, 0.0362349218592555), (238, 0.0362349218592555), (239, 0.03623108639888875), (240, 0.036228102248253305), (241, 0.036232912831240985), (242, 0.036221440713523116), (243, 0.0362198992385896), (244, 0.03621743269711921), (245, 0.03621743269711921), (246, 0.03620498165039158), (247, 0.036178291601325886), (248, 0.03618016040188615), (249, 0.03618011085897352), (250, 0.036170539229041385), (251, 0.03616849869612469), (252, 0.03616849869612493), (253, 0.03616699568416005), (254, 0.03616368670522268), (255, 0.036163221839141765), (256, 0.03616365909088806), (257, 0.03616322183914204), (258, 0.03616039160934082), (259, 0.03615154602869301), (260, 0.036137305091301045), (261, 0.03613730509130081), (262, 0.036137305091300684), (263, 0.036137211566362126), (264, 0.036132687536921254), (265, 0.036131728422716426), (266, 0.03613054550062539), (267, 0.03612481117519176), (268, 0.03612481117519176), (269, 0.03611617019539347), (270, 0.03611617019539347), (271, 0.03611547848355824), (272, 0.036107850114233224), (273, 0.036107807101913386), (274, 0.036099295988614215), (275, 0.03610441700478489), (276, 0.0361026338081276), (277, 0.036099295988614256), (278, 0.03609671933260219), (279, 0.03609098653072261), (280, 0.03608779805550887), (281, 0.036087662581081814), (282, 0.0360851762996149), (283, 0.03608302803075), (284, 0.03608302803075), (285, 0.036082130955649966), (286, 0.036080256374566785), (287, 0.036080256374566785), (288, 0.03607989163607947), (289, 0.03607879429531411), (290, 0.03607848120575561), (291, 0.0360783837437751), (292, 0.03607574361241546), (293, 0.03607449285580989), (294, 0.03607094979031955), (295, 0.03607449285580952), (296, 0.036071768889253696), (297, 0.0360699514465188), (298, 0.03606821208020558), (299, 0.03606445431297552), (300, 0.036062722555913446), (301, 0.0360624207041622), (302, 0.036057613594818676), (303, 0.036057359995680445), (304, 0.03605303379308285), (305, 0.03605056794884262), (306, 0.036050377777118184), (307, 0.03604804153916832), (308, 0.036045487547970254), (309, 0.03604363539592525), (310, 0.03604293164953292), (311, 0.03604164080177658), (312, 0.036040400679546496), (313, 0.036040400679546496), (314, 0.036035644681320596), (315, 0.03603429409661707), (316, 0.036033673087565984), (317, 0.03602834385526431), (318, 0.03602289584159457), (319, 0.036022895841594245), (320, 0.03601992072900388), (321, 0.03601965540245844), (322, 0.03601432398461091), (323, 0.036013922734161916), (324, 0.03600615001862757), (325, 0.03600871783854892), (326, 0.0360042718838212), (327, 0.03600369507753404), (328, 0.03600100546633316), (329, 0.03600101808977255), (330, 0.035998387481488675), (331, 0.03599808881750104), (332, 0.03599794324640761), (333, 0.03599560590949059), (334, 0.03599557217604275), (335, 0.035993555543574765), (336, 0.035988845635755905), (337, 0.03598690869098079), (338, 0.03598448953656971), (339, 0.03598489588534468), (340, 0.03598448953656971), (341, 0.03598211031380469), (342, 0.03598083108371956), (343, 0.03598152732555679), (344, 0.03598136526874858), (345, 0.035979078131153266), (346, 0.03597874659519584), (347, 0.03597874181241874), (348, 0.03597780765680425), (349, 0.03597597477799147), (350, 0.03597463630018662), (351, 0.03597358042199096), (352, 0.03597315299649072), (353, 0.03597301315814687), (354, 0.03596951502533386), (355, 0.03596921497823197), (356, 0.03596921497823184), (357, 0.03596859529869332), (358, 0.035967858970769866), (359, 0.03596771725707235), (360, 0.035966354936882404), (361, 0.035963761947685524), (362, 0.03596377285822838), (363, 0.03596220467166497), (364, 0.035961917168797194), (365, 0.03596220467166501), (366, 0.03596200245949295), (367, 0.03595933170356114), (368, 0.03595922950110923), (369, 0.03595380335253762), (370, 0.03595380335253762), (371, 0.03595329454856258), (372, 0.0359512682514601), (373, 0.03594714810415173), (374, 0.03594714810415173), (375, 0.03594475351468185), (376, 0.03594374529981721), (377, 0.035942718708535756), (378, 0.035941241011969646), (379, 0.035940717528770885), (380, 0.035941155892686864), (381, 0.03594111822394546), (382, 0.035939708824989425), (383, 0.03593791932331205), (384, 0.035937606027141), (385, 0.03593760602714046), (386, 0.03593736888033835), (387, 0.03593625043108496), (388, 0.03593546375003352), (389, 0.03593545890180922), (390, 0.035932169966252675), (391, 0.035932654408841865), (392, 0.03593257122731897), (393, 0.035931439032074276), (394, 0.03593075228624102), (395, 0.03592870458094119), (396, 0.03592826293866101), (397, 0.035928130659594985), (398, 0.03592385826350272), (399, 0.035923908405858934), (400, 0.03592385826350273)]
2025-07-22 08:50:45.640931: predicted
0.20	52.71
0.21	52.72
0.22	52.74
0.23	52.75
0.24	52.76
0.25	52.77
0.26	52.79
0.27	52.80
0.28	52.81
0.29	52.83
0.30	52.84
0.31	52.85
0.32	52.87
0.33	52.88
0.34	52.90
0.35	52.91
0.36	52.92
0.37	52.94
0.38	52.95
0.39	52.97
0.40	52.98
0.41	53.00
0.42	53.01
0.43	53.02
0.44	53.04
0.45	53.05
0.46	53.07
0.47	53.09
0.48	53.10
0.49	53.12
0.50	53.13
0.51	53.15
0.52	53.16
0.53	53.18
0.54	53.20
0.55	53.21
0.56	53.23
0.57	53.24
0.58	53.26
0.59	53.28
0.60	53.29
0.61	53.31
0.62	53.33
0.63	53.35
0.64	53.36
0.65	53.38
0.66	53.40
0.67	53.42
0.68	53.43
0.69	53.45
0.70	53.47
0.71	53.49
0.72	53.51
0.73	53.53
0.74	53.54
0.75	53.56
0.76	53.58
0.77	53.60
0.78	53.62
0.79	53.64
0.80	53.66
0.81	53.68
0.82	53.70
0.83	53.72
0.84	53.74
0.85	53.76
0.86	53.78
0.87	53.80
0.88	53.82
0.89	53.84
0.90	53.86
0.91	53.89
0.92	53.91
0.93	53.93
0.94	53.95
0.95	53.97
0.96	54.00
0.97	54.02
0.98	54.04
0.99	54.06
['mse: 0.1090', 'mae: 0.1355', 'pfg: 0.2541', 'r2: 0.4209', 'ks_p: 0.7027', 'ks_D: 0.1111', 'mape: 0.0026']
