2025-07-22 08:47:59.550196: start test_discharging
2025-07-22 08:47:59.550196: battery_model

data_provider.file_path data_v3_02_11_to_06_10.xlsx
data_provider.cols ['Timestamp', 'SoC(%)', 'Battery Current(A)', 'Battery Voltage(V)']
data_provider.searching_current 5
data_provider.spread 2 [3:7]
2025-07-22 08:47:59.551197: read_excel
2025-07-22 08:48:10.397577: actual
      SoC  Battery Voltage(V)
0   0.19           51.477618
1   0.20           51.569640
2   0.21           51.649565
3   0.22           51.718582
4   0.23           51.777817
5   0.24           51.828327
6   0.25           51.871105
7   0.26           51.907084
8   0.27           51.937134
9   0.28           51.962067
10  0.29           51.982636
11  0.30           51.999542
12  0.31           52.013429
13  0.32           52.024891
14  0.33           52.034469
15  0.34           52.042660
16  0.35           52.049910
17  0.36           52.056621
18  0.37           52.063152
19  0.38           52.069821
20  0.39           52.076906
21  0.40           52.084644
22  0.41           52.093240
23  0.42           52.102861
24  0.43           52.113642
25  0.44           52.125688
26  0.45           52.139071
27  0.46           52.153840
28  0.47           52.170013
29  0.48           52.187588
30  0.49           52.206538
31  0.50           52.226815
32  0.51           52.248354
33  0.52           52.271069
34  0.53           52.294862
35  0.54           52.319619
36  0.55           52.345214
37  0.56           52.371511
38  0.57           52.398365
39  0.58           52.425624
40  0.59           52.453131
41  0.60           52.480726
42  0.61           52.508245
43  0.62           52.535525
44  0.63           52.562407
45  0.64           52.588731
46  0.65           52.614346
47  0.66           52.639106
48  0.67           52.662874
49  0.68           52.685522
50  0.69           52.706937
51  0.70           52.727016
52  0.71           52.745675
53  0.72           52.762845
54  0.73           52.778477
55  0.74           52.792541
56  0.75           52.805033
57  0.76           52.815970
58  0.77           52.825395
59  0.78           52.833381
60  0.79           52.840027
61  0.80           52.845466
62  0.81           52.849863
63  0.82           52.853416
64  0.83           52.856361
65  0.84           52.858972
66  0.85           52.861563
67  0.86           52.864487
68  0.87           52.868143
69  0.88           52.872973
70  0.89           52.879467
71  0.90           52.888164
72  0.91           52.899651
73  0.92           52.914568
74  0.93           52.933609
75  0.94           52.957523
76  0.95           52.987115
77  0.96           53.023251
78  0.97           53.066855
79  0.98           53.118915
80  0.99           53.180483
81  1.00           53.252676
2025-07-22 08:49:19.311929: Optimized Parameters (GA): [0.2721406  0.58804559 0.79384246 1.10595801 0.         0.
 0.         0.14774064 0.26154149 0.35969677 0.48379887 0.14994841
 0.02537116 0.02876689 0.         0.2045843  0.78946412 0.25997122
 0.85896409 0.46002629 0.32720795 0.76559198 1.39350176 0.07418634
 1.10659477 0.         0.         0.         0.         6.11300309
 0.03367596]
2025-07-22 08:49:19.311929: his_best_fitness: [(1, 0.2632938525827516), (2, 0.2346648217309254), (3, 0.2050984698051076), (4, 0.1898795483403692), (5, 0.17866318105641826), (6, 0.1738137906436799), (7, 0.1345749448635517), (8, 0.11650426362840041), (9, 0.10980309833689664), (10, 0.09833840127854165), (11, 0.08664155646343494), (12, 0.08616611996376468), (13, 0.07002207604937691), (14, 0.06508318105755821), (15, 0.061449177053606904), (16, 0.05577964959138877), (17, 0.04610229870123009), (18, 0.03970513287716622), (19, 0.03886876606581211), (20, 0.028733994082667035), (21, 0.026601137658180944), (22, 0.024987982564982227), (23, 0.02432985115147701), (24, 0.023085749773808093), (25, 0.0227674831262705), (26, 0.022759011236685393), (27, 0.022599214144013852), (28, 0.022259522030933128), (29, 0.021960515791980016), (30, 0.02190276152427216), (31, 0.021613018612486035), (32, 0.02161009293553786), (33, 0.021454017899242686), (34, 0.021113248322805315), (35, 0.020623117319441317), (36, 0.020645708369487467), (37, 0.020363192632273455), (38, 0.020331491631457914), (39, 0.02026945854893838), (40, 0.020024332988132165), (41, 0.02002005643753911), (42, 0.02000961494392573), (43, 0.01996384131947193), (44, 0.01989284832212327), (45, 0.01986451590931759), (46, 0.01985628474281384), (47, 0.019790332117778003), (48, 0.01956398825446167), (49, 0.01956398825446167), (50, 0.01956398825446167), (51, 0.01956398825446167), (52, 0.01951461297976978), (53, 0.01949738205063581), (54, 0.019419745596178917), (55, 0.019419745596178917), (56, 0.019404371842939507), (57, 0.019392264926539993), (58, 0.019346114107586344), (59, 0.019356215660574886), (60, 0.019334439958490476), (61, 0.019334439958490476), (62, 0.019320137655122804), (63, 0.019250638364294616), (64, 0.019268991675477826), (65, 0.019268991675477798), (66, 0.019233968381080782), (67, 0.01919751884230363), (68, 0.019195104354702328), (69, 0.019195104354702328), (70, 0.019185266392982032), (71, 0.01916077465767111), (72, 0.019157002350220095), (73, 0.01914938551629071), (74, 0.019125498406873654), (75, 0.01912549840687363), (76, 0.019122285578869684), (77, 0.0191169162100926), (78, 0.01909013248310399), (79, 0.01909012034142129), (80, 0.019055336616129376), (81, 0.019055336616129095), (82, 0.019050662368626778), (83, 0.01904750543810528), (84, 0.019036313783763872), (85, 0.019036313783763872), (86, 0.019022482808755466), (87, 0.0190193717782612), (88, 0.019013822878386932), (89, 0.019010132550935536), (90, 0.018997952179002), (91, 0.018997952179002), (92, 0.018995026981950075), (93, 0.018990119861230927), (94, 0.0189752773525977), (95, 0.01897138799547559), (96, 0.01896545659733465), (97, 0.018934003095314594), (98, 0.01893208790760585), (99, 0.01893208790760585), (100, 0.018904252986801456), (101, 0.01888052847615164), (102, 0.01888052847615164), (103, 0.01887969760729161), (104, 0.01887768374789881), (105, 0.018841983519641545), (106, 0.018807783321036914), (107, 0.01876153719165085), (108, 0.01876009003267013), (109, 0.018765722796658987), (110, 0.0187664518935218), (111, 0.01875374055248389), (112, 0.018727008518081394), (113, 0.018744634811188925), (114, 0.018707984139575584), (115, 0.018707875246217937), (116, 0.01865825831435353), (117, 0.01868536097707127), (118, 0.01866075598177548), (119, 0.01866063527844326), (120, 0.01866075598177548), (121, 0.018660685302101618), (122, 0.01865837308878877), (123, 0.018642322055961728), (124, 0.018612236144348683), (125, 0.01861516949500565), (126, 0.01859457448765615), (127, 0.01855588576763134), (128, 0.018553713660788902), (129, 0.018541511922618027), (130, 0.01853792764141237), (131, 0.018516270443167445), (132, 0.018516445004159703), (133, 0.018498081761826372), (134, 0.018497691574075787), (135, 0.018493857033598265), (136, 0.01840505708057725), (137, 0.018405057080577093), (138, 0.018400244539819616), (139, 0.018396478965824525), (140, 0.018385959074003914), (141, 0.01836995530737992), (142, 0.01835158134869041), (143, 0.018341803229885427), (144, 0.018341803229885226), (145, 0.01831921868684381), (146, 0.018302803480126452), (147, 0.018300101588176625), (148, 0.018300101588176625), (149, 0.018280488168009847), (150, 0.01825888603702534), (151, 0.018253225357801994), (152, 0.01824597622880605), (153, 0.018242492901023158), (154, 0.018226212764500628), (155, 0.018231287948648835), (156, 0.018226968179439196), (157, 0.018225628746637145), (158, 0.018218635626110202), (159, 0.018218635626110202), (160, 0.018211409262960047), (161, 0.01816985372808691), (162, 0.018169724163600687), (163, 0.018165658924570855), (164, 0.01814750316481591), (165, 0.018124899669791437), (166, 0.018099952828114416), (167, 0.01809938413359382), (168, 0.018098445228624454), (169, 0.01809343670269166), (170, 0.018093853933017483), (171, 0.018077115143376055), (172, 0.01806326496332748), (173, 0.018063074270188016), (174, 0.018028182378277944), (175, 0.018016281827354673), (176, 0.01800656222470184), (177, 0.01799884240620233), (178, 0.017989203407421273), (179, 0.01798235641554908), (180, 0.017979877629621457), (181, 0.017931768557203676), (182, 0.01790748871932048), (183, 0.017877535285799735), (184, 0.017879287359048333), (185, 0.01786094385318469), (186, 0.017850731036066325), (187, 0.01782820786359232), (188, 0.01782339800617387), (189, 0.01782263859675047), (190, 0.017820065259522934), (191, 0.01781320620166714), (192, 0.01780077912561296), (193, 0.017799059533354554), (194, 0.017797666058969798), (195, 0.017794192425349804), (196, 0.017771001204477818), (197, 0.01776504549874931), (198, 0.0177649638462627), (199, 0.01775962519034385), (200, 0.017744464915176766), (201, 0.01771469369452454), (202, 0.01770792441157417), (203, 0.017693508591346645), (204, 0.017693508591346645), (205, 0.017670449907985983), (206, 0.017668318114347825), (207, 0.017653127958362828), (208, 0.017662300423347578), (209, 0.017653127958362828), (210, 0.0176613532234732), (211, 0.017634513588799437), (212, 0.017633630339617568), (213, 0.017621487403989233), (214, 0.0176251917066841), (215, 0.01761318990111803), (216, 0.017609501730046336), (217, 0.017605415402810465), (218, 0.01759169029759145), (219, 0.017588329056832254), (220, 0.017583051800382023), (221, 0.017583051800382023), (222, 0.017582049251421636), (223, 0.017572389031129225), (224, 0.01756205496995013), (225, 0.01755588754733682), (226, 0.017554990814085156), (227, 0.0175309067270827), (228, 0.017548940672764867), (229, 0.01754610382164552), (230, 0.01754610382164552), (231, 0.017543000462008865), (232, 0.01754300046200876), (233, 0.017534384965533906), (234, 0.01753117800415634), (235, 0.017530871288046753), (236, 0.017530428685261785), (237, 0.017516655031601613), (238, 0.01751167893636871), (239, 0.017509765541033277), (240, 0.017499201052821815), (241, 0.01749930748893796), (242, 0.017485996427526903), (243, 0.017484481344126834), (244, 0.017481400384185386), (245, 0.017480214595924498), (246, 0.01747044337430153), (247, 0.017449547494944546), (248, 0.01743787909242625), (249, 0.01743787909242625), (250, 0.017425376952160992), (251, 0.01741728248655873), (252, 0.017400814247750022), (253, 0.017400814247750022), (254, 0.017398454896046772), (255, 0.01739791146904682), (256, 0.017391819162763902), (257, 0.017391444898758567), (258, 0.01737822243820501), (259, 0.017378247962746698), (260, 0.017354228709631235), (261, 0.017323513061173145), (262, 0.01732305046331655), (263, 0.017315533819247397), (264, 0.017291573559404888), (265, 0.017285464181489213), (266, 0.017285464181489213), (267, 0.01728357684210328), (268, 0.01728047175894365), (269, 0.017273358371192163), (270, 0.017276530846178424), (271, 0.017277359029728392), (272, 0.017277359029728392), (273, 0.017264886601985233), (274, 0.017264869503694977), (275, 0.017264869503694838), (276, 0.01725323606183521), (277, 0.017247937104840877), (278, 0.01723754055319495), (279, 0.01724030718681579), (280, 0.01723080415175942), (281, 0.017223783716627708), (282, 0.017223762895673116), (283, 0.017218732020964155), (284, 0.017214195987251678), (285, 0.017204185069583933), (286, 0.017203379192530236), (287, 0.01720007901659183), (288, 0.017193871619850833), (289, 0.017187375914595224), (290, 0.017184866463443818), (291, 0.01718466025486959), (292, 0.017178916063275096), (293, 0.017167966890149475), (294, 0.017166988050087078), (295, 0.017157847471110307), (296, 0.017151779692965094), (297, 0.017151779692965094), (298, 0.017150361562969084), (299, 0.017145211440987764), (300, 0.01713838792845628), (301, 0.017139275905455983), (302, 0.017136665856715423), (303, 0.01713696991076196), (304, 0.017134546958270838), (305, 0.017132371319784102), (306, 0.017126951628086813), (307, 0.01712690476361519), (308, 0.01711968502984063), (309, 0.017104819072498764), (310, 0.017099041414316854), (311, 0.017087958676926553), (312, 0.01708739170405794), (313, 0.017084781555735357), (314, 0.017079146551678973), (315, 0.01707833144192213), (316, 0.0170765191586535), (317, 0.017070524831925935), (318, 0.01706488088634114), (319, 0.017065016861388872), (320, 0.017064845181401445), (321, 0.017059057333221786), (322, 0.017058983227774265), (323, 0.01705415142138812), (324, 0.017053696636288303), (325, 0.017048079198371292), (326, 0.017041243370417063), (327, 0.01703321486314249), (328, 0.01703197254967572), (329, 0.017022030043845192), (330, 0.01701943303707689), (331, 0.017018706768452067), (332, 0.017014816563403132), (333, 0.017011281282669745), (334, 0.017006346748954917), (335, 0.017005417765521825), (336, 0.016993904825595013), (337, 0.016991796268003442), (338, 0.016987238994096838), (339, 0.016987234897059045), (340, 0.01698730261543157), (341, 0.016987225041767647), (342, 0.01698653875437015), (343, 0.016984707035886656), (344, 0.01698470054429074), (345, 0.0169844763140891), (346, 0.016978416288334422), (347, 0.016978107379749984), (348, 0.01697800546631108), (349, 0.01697747290809245), (350, 0.016977433742613686), (351, 0.016969574992609922), (352, 0.016969493738583884), (353, 0.016963847238629273), (354, 0.016963847238629166), (355, 0.016963082233416086), (356, 0.016962199639610515), (357, 0.016962199639610515), (358, 0.016957864799725497), (359, 0.01695580846897303), (360, 0.0169554622474205), (361, 0.01695532698088504), (362, 0.016955206032193155), (363, 0.01694707186242201), (364, 0.01694672959583991), (365, 0.016946095524583676), (366, 0.016944478193007807), (367, 0.016944188462585115), (368, 0.016940083481202167), (369, 0.01693480288730173), (370, 0.016931990220609136), (371, 0.016931819121663912), (372, 0.01693151825782218), (373, 0.016931539625551297), (374, 0.016927662948981785), (375, 0.016926056149363815), (376, 0.016925341548398753), (377, 0.01692018251291101), (378, 0.01692018251291099), (379, 0.0169197095742306), (380, 0.016917255210072937), (381, 0.016915633403991943), (382, 0.016911885772106762), (383, 0.016911030862442614), (384, 0.016907840717077852), (385, 0.016903945471082146), (386, 0.016903467445159418), (387, 0.01690137922088536), (388, 0.01690119555980408), (389, 0.01689968612485064), (390, 0.01689968612485064), (391, 0.016899541673003303), (392, 0.01689501346064161), (393, 0.01689390930501345), (394, 0.016893824320704524), (395, 0.01689325140637206), (396, 0.01688833827454251), (397, 0.016888197418843273), (398, 0.016888206838736698), (399, 0.016885040991521414), (400, 0.016884924446738996)]
2025-07-22 08:49:19.313972: predicted
0.20	51.87
0.21	51.88
0.22	51.89
0.23	51.90
0.24	51.91
0.25	51.92
0.26	51.93
0.27	51.94
0.28	51.96
0.29	51.97
0.30	51.98
0.31	51.99
0.32	52.00
0.33	52.02
0.34	52.03
0.35	52.04
0.36	52.05
0.37	52.07
0.38	52.08
0.39	52.09
0.40	52.11
0.41	52.12
0.42	52.13
0.43	52.15
0.44	52.16
0.45	52.18
0.46	52.19
0.47	52.20
0.48	52.22
0.49	52.23
0.50	52.25
0.51	52.26
0.52	52.28
0.53	52.29
0.54	52.31
0.55	52.32
0.56	52.34
0.57	52.36
0.58	52.37
0.59	52.39
0.60	52.41
0.61	52.42
0.62	52.44
0.63	52.46
0.64	52.47
0.65	52.49
0.66	52.51
0.67	52.53
0.68	52.55
0.69	52.56
0.70	52.58
0.71	52.60
0.72	52.62
0.73	52.64
0.74	52.66
0.75	52.68
0.76	52.70
0.77	52.72
0.78	52.74
0.79	52.76
0.80	52.78
0.81	52.80
0.82	52.82
0.83	52.84
0.84	52.87
0.85	52.89
0.86	52.91
0.87	52.93
0.88	52.96
0.89	52.98
0.90	53.00
0.91	53.02
0.92	53.05
0.93	53.07
0.94	53.10
0.95	53.12
0.96	53.15
0.97	53.17
0.98	53.20
0.99	53.22
['mse: 0.0779', 'mae: 0.1096', 'pfg: 0.2090', 'r2: 0.5538', 'ks_p: 0.9254', 'ks_D: 0.0864', 'mape: 0.0021']
