2025-07-25 16:26:07.351115: start test_charging
2025-07-25 16:26:07.352118: battery_model

data_provider.file_path data_v3_02_11_to_06_10.xlsx
data_provider.cols ['Timestamp', 'SoC(%)', 'Battery Current(A)', 'Battery Voltage(V)']
data_provider.searching_current 2
data_provider.spread 1 [1:3]
2025-07-25 16:26:07.352118: read_excel
2025-07-25 16:26:18.016863: get_charging_data
2025-07-25 16:26:18.033875: actual
      SoC  Battery Voltage(V)
0   0.19           51.999927
1   0.20           52.096610
2   0.21           52.183436
3   0.22           52.261214
4   0.23           52.330714
5   0.24           52.392666
6   0.25           52.447763
7   0.26           52.496661
8   0.27           52.539980
9   0.28           52.578303
10  0.29           52.612181
11  0.30           52.642128
12  0.31           52.668630
13  0.32           52.692138
14  0.33           52.713071
15  0.34           52.731822
16  0.35           52.748752
17  0.36           52.764194
18  0.37           52.778454
19  0.38           52.791812
20  0.39           52.804521
21  0.40           52.816810
22  0.41           52.828886
23  0.42           52.840929
24  0.43           52.853101
25  0.44           52.865540
26  0.45           52.878365
27  0.46           52.891675
28  0.47           52.905550
29  0.49           52.935234
30  0.53           53.003086
31  0.56           53.061147
32  0.57           53.081664
33  0.60           53.145793
34  0.61           53.167762
35  0.62           53.189880
36  0.63           53.212048
37  0.64           53.234168
38  0.65           53.256137
39  0.66           53.277850
40  0.67           53.299202
41  0.68           53.320088
42  0.69           53.340402
43  0.70           53.360043
44  0.71           53.378909
45  0.72           53.396904
46  0.73           53.413936
47  0.74           53.429918
48  0.75           53.444768
49  0.76           53.458412
50  0.77           53.470784
51  0.78           53.481828
52  0.79           53.491495
53  0.81           53.506562
54  0.84           53.518298
55  0.85           53.519356
56  0.86           53.519048
57  0.87           53.517435
58  0.88           53.514597
59  0.90           53.505654
60  0.91           53.499802
61  0.92           53.493235
62  0.93           53.486132
63  0.94           53.478695
64  0.95           53.471153
65  0.96           53.463757
66  0.97           53.456783
67  0.98           53.450535
68  0.99           53.445344
69  1.00           53.441568
2025-07-25 16:28:33.212024: Optimized Parameters (LSM): [-6.57580000e-01 -1.31520897e-02 -2.62977416e-04 -6.95521089e-01
  2.87567250e-01  5.75146317e-03  1.15168346e-04  0.00000000e+00
  0.00000000e+00  0.00000000e+00  0.00000000e+00  0.00000000e+00
  0.00000000e+00  0.00000000e+00  0.00000000e+00  0.00000000e+00
  0.00000000e+00  0.00000000e+00  0.00000000e+00  0.00000000e+00
  0.00000000e+00 -4.00843785e-02 -8.01645557e-04 -1.59731336e-05
 -9.65571915e-02 -1.43785062e-01  1.72302299e+00  1.16022399e-01
 -1.43438643e+00  2.87576894e-03 -5.74834747e-05]
2025-07-25 16:28:33.213022: predicted_voltages_lsm_charging_v2
2025-07-25 16:28:33.214024: predicted
['mse: 0.0631', 'mae: 0.0861', 'pfg: 0.1623', 'r2: 0.6378', 'ks_p: 0.7465', 'ks_D: 0.1159', 'mape: 0.0016']
2025-07-25 16:29:33.501307: Optimized Parameters (GA): [1.13969372 2.68033745 0.37579465 3.51035227 0.01750933 0.75682451
 0.87362334 0.40512052 0.24966989 0.11211583 0.61498416 0.51904611
 0.54748184 1.2214593  0.34430414 1.15457279 0.25183113 0.04908555
 1.07230094 0.61626277 0.70149925 1.2610961  0.73970506 0.36541884
 0.08756367 0.90295679 0.41993133 0.         0.         0.30487981
 1.11509395]
2025-07-25 16:29:33.501307: his_best_fitness: [(1, 1.65065381268323), (2, 1.2281019193209923), (3, 0.9349869013877616), (4, 0.7066426541718415), (5, 0.4465799897356324), (6, 0.3158680179891894), (7, 0.21715133352847493), (8, 0.1658171772739468), (9, 0.10633059082116775), (10, 0.08920870127504374), (11, 0.08602811059391427), (12, 0.07845275033023477), (13, 0.0608965819456843), (14, 0.055333588419343466), (15, 0.04887789977834469), (16, 0.04801188081084459), (17, 0.045015675839075286), (18, 0.04463881627486879), (19, 0.04330100474088683), (20, 0.04404348749475103), (21, 0.04171169155793099), (22, 0.040380566959417635), (23, 0.04037894188619104), (24, 0.039761647821569976), (25, 0.03873953520191459), (26, 0.037410695265242384), (27, 0.03634349134546312), (28, 0.036195752299725034), (29, 0.03518679536519817), (30, 0.03400807637658478), (31, 0.0333169391044608), (32, 0.03184440524911743), (33, 0.029795785065621652), (34, 0.02854786800754753), (35, 0.028547550154907175), (36, 0.028397246740866987), (37, 0.027557437108132007), (38, 0.02721671653182357), (39, 0.02721671653182357), (40, 0.026822749419382355), (41, 0.02566651812473589), (42, 0.023612771138012547), (43, 0.023612648450849066), (44, 0.023239974101501075), (45, 0.02266310593316129), (46, 0.02235796618483786), (47, 0.021291771921534065), (48, 0.020914938412313414), (49, 0.020720100732090838), (50, 0.01789036520748704), (51, 0.01789036520748686), (52, 0.017804589904549945), (53, 0.016759124319762085), (54, 0.016588755240313863), (55, 0.01648262618014151), (56, 0.016473071838786532), (57, 0.016361959633739025), (58, 0.016336516206512906), (59, 0.016077059356672117), (60, 0.015578205133802559), (61, 0.015466245762726248), (62, 0.015328456012035417), (63, 0.014995927880742561), (64, 0.015029284910770291), (65, 0.014756126355835526), (66, 0.014692059253663863), (67, 0.014591699078553025), (68, 0.014537260799884953), (69, 0.013820488111260682), (70, 0.013820488111260682), (71, 0.013819998006528882), (72, 0.013816423465086785), (73, 0.013595820655946113), (74, 0.013747536884911257), (75, 0.013454968868741722), (76, 0.012911024664259915), (77, 0.013008338305919465), (78, 0.012954511699169015), (79, 0.012601780017262483), (80, 0.012543443998473364), (81, 0.011696881002901168), (82, 0.011429941151732487), (83, 0.01059493407603004), (84, 0.010254987122843048), (85, 0.010149425874966929), (86, 0.009844985679423952), (87, 0.00966040351434872), (88, 0.009494354759965469), (89, 0.009494354759965469), (90, 0.009494354759965368), (91, 0.009392001536797706), (92, 0.0093582745555018), (93, 0.009339844555209155), (94, 0.00931020553173487), (95, 0.009292112785579737), (96, 0.00927781531667297), (97, 0.009268788630320839), (98, 0.009261642698780211), (99, 0.009253411416752476), (100, 0.009251306924362657), (101, 0.00924252277286985), (102, 0.009168642928431309), (103, 0.009141664923172121), (104, 0.008844282322159077), (105, 0.008439841531792173), (106, 0.00839565567328457), (107, 0.008357544126237074), (108, 0.00820361396466919), (109, 0.008081304115157393), (110, 0.008055293607424649), (111, 0.008045391325046268), (112, 0.007979310747368126), (113, 0.00795192259599015), (114, 0.007939753040827599), (115, 0.007658117630637435), (116, 0.007484606990491008), (117, 0.007374295382554014), (118, 0.007361745184241481), (119, 0.007334838218438862), (120, 0.0073347789395375815), (121, 0.0072926770615962325), (122, 0.007290305081999951), (123, 0.0072746900380731795), (124, 0.0072746900380731795), (125, 0.007273716935250449), (126, 0.007240386776716286), (127, 0.007270298197836165), (128, 0.007270298197836165), (129, 0.007132546197793416), (130, 0.007134428163841397), (131, 0.007124768033263652), (132, 0.007124877452776587), (133, 0.007083490416134397), (134, 0.0070143496735826675), (135, 0.006994620744747208), (136, 0.006977591640746623), (137, 0.006968207303054253), (138, 0.00696354712399564), (139, 0.00696354712399564), (140, 0.006962352929062858), (141, 0.006949556578573354), (142, 0.006949486472926179), (143, 0.0069494853554072315), (144, 0.006943496279562794), (145, 0.006942203798332752), (146, 0.006941698027123518), (147, 0.006923497335064292), (148, 0.006923496494570991), (149, 0.006916851876067406), (150, 0.0069157877413631415), (151, 0.006912969664696138), (152, 0.006912969664696138), (153, 0.006910772476334667), (154, 0.006898236398559715), (155, 0.006865900936766356), (156, 0.006835538287453781), (157, 0.00683552726740575), (158, 0.006746900254223439), (159, 0.0067465074737650295), (160, 0.006738842615045629), (161, 0.006723757334652771), (162, 0.006716229708340054), (163, 0.0067194449875742895), (164, 0.006715908586790826), (165, 0.0066992630071729155), (166, 0.006707608605587559), (167, 0.006700071293191055), (168, 0.006704771185853586), (169, 0.006694346947670707), (170, 0.00668246647801781), (171, 0.006676547045279554), (172, 0.006676547045279401), (173, 0.006672070421525473), (174, 0.0066722904385562495), (175, 0.006671875209885683), (176, 0.006659496869703763), (177, 0.006658526239339982), (178, 0.006657441383841583), (179, 0.006657441383841601), (180, 0.006657423054190996), (181, 0.006653839153344818), (182, 0.006653839153344818), (183, 0.006656184378523871), (184, 0.006654344287768132), (185, 0.006653971029216986), (186, 0.006653430469799), (187, 0.006653277350167283), (188, 0.00664992554728477), (189, 0.006648647061462351), (190, 0.006648646838352786), (191, 0.006648647061462305), (192, 0.006648647061462305), (193, 0.006647454291121244), (194, 0.006646924599370082), (195, 0.006646827224408482), (196, 0.006646793544868111), (197, 0.006646407228104388), (198, 0.006643972007035662), (199, 0.006645584703356905), (200, 0.006642630614699973), (201, 0.006642205184701015), (202, 0.006641928441596626), (203, 0.006641261192934398), (204, 0.006641698095254965), (205, 0.006641194889379952), (206, 0.006641099885669012), (207, 0.006641099885669012), (208, 0.006641099885669012), (209, 0.006640554943762177), (210, 0.006639517888789529), (211, 0.006635604549689726), (212, 0.0066356016725751445), (213, 0.006635601672575115), (214, 0.006629486805202554), (215, 0.0066295027522322945), (216, 0.006625145464749965), (217, 0.006624783904775897), (218, 0.0066247839047758345), (219, 0.006624668539741955), (220, 0.006624668539741955), (221, 0.00662397843268574), (222, 0.006623992929245988), (223, 0.006623748559208044), (224, 0.006623600067809383), (225, 0.006623689946151128), (226, 0.006623130951463373), (227, 0.006623130951463373), (228, 0.006623088149658464), (229, 0.006622354786612171), (230, 0.006621454182197322), (231, 0.006621424217398551), (232, 0.006620744212683801), (233, 0.006621109513150397), (234, 0.006620260975570331), (235, 0.006620260975570331), (236, 0.006619731397725636), (237, 0.006619674587665804), (238, 0.006618830208859922), (239, 0.006618639911839208), (240, 0.006614184950491479), (241, 0.006613649692361608), (242, 0.006613532941249244), (243, 0.006613517134847447), (244, 0.006612790508635856), (245, 0.006612511448811433), (246, 0.006612524678416632), (247, 0.006612511448811354), (248, 0.0066124499006701845), (249, 0.006612430511508003), (250, 0.006611910947578709), (251, 0.00661163536150728), (252, 0.006611629607180449), (253, 0.006611712536122513), (254, 0.006611712536122513), (255, 0.006611707018455757), (256, 0.006611637747629355), (257, 0.006611637747629355), (258, 0.006611563172854782), (259, 0.006611607022222883), (260, 0.006611637747629355), (261, 0.006611609880622723), (262, 0.00661161217477596), (263, 0.00661161217477596), (264, 0.006611496207509598), (265, 0.0066111886938192786), (266, 0.00661118022793657), (267, 0.0066111870965934166), (268, 0.006610960363918396), (269, 0.00661112126932739), (270, 0.00661112126932739), (271, 0.00661104371084609), (272, 0.006610994358839448), (273, 0.006610922749442901), (274, 0.006610813410379179), (275, 0.00661067485814538), (276, 0.006610676086710603), (277, 0.0066106760867105895), (278, 0.006610669111468591), (279, 0.006610664926437937), (280, 0.00661066211243936), (281, 0.006610661550893947), (282, 0.006610655805524848), (283, 0.006610643938458), (284, 0.006610594465273399), (285, 0.006610641388577966), (286, 0.006610641388577966), (287, 0.006610619504763596), (288, 0.006610613702495583), (289, 0.006610475593939468), (290, 0.006610335808371977), (291, 0.006610337240122919), (292, 0.006610048562456439), (293, 0.006603601040354745), (294, 0.006599885387389703), (295, 0.006599882998267204), (296, 0.006609753322250018), (297, 0.0066097488212927625), (298, 0.006609782907646817), (299, 0.0066096336514165546), (300, 0.006609498708978728), (301, 0.00660949342247236), (302, 0.00660948983663303), (303, 0.00660947639240347), (304, 0.0066094325166073265), (305, 0.006609432028226114), (306, 0.006609429746018363), (307, 0.006609429759358111), (308, 0.006609362252036627), (309, 0.006609362252036627), (310, 0.006609362252036627), (311, 0.0066093621232810535), (312, 0.006609361235118699), (313, 0.006609361235118699), (314, 0.006609337947008267), (315, 0.00660936040335013), (316, 0.006609359996207148), (317, 0.0066091180510854195), (318, 0.0066089440630413936), (319, 0.006608673335983523), (320, 0.006608524611219074), (321, 0.006608524611219074), (322, 0.006608371410588303), (323, 0.006608371272845437), (324, 0.0066083701093219305), (325, 0.006608304928569864), (326, 0.006608285564315993), (327, 0.006608269780434502), (328, 0.006607882507032446), (329, 0.006607641237758576), (330, 0.006607675694552399), (331, 0.006603778530650086), (332, 0.00660377797995114), (333, 0.0066038749858748375), (334, 0.006607512392092298), (335, 0.006607512392092298), (336, 0.006607451935481434), (337, 0.006607455128932967), (338, 0.006607461270076937), (339, 0.006606724247201342), (340, 0.006606724247201357), (341, 0.006606674426954952), (342, 0.006606447349411362), (343, 0.006606447349411362), (344, 0.006606392979970802), (345, 0.00660639136689822), (346, 0.006606254422983234), (347, 0.006606322755049667), (348, 0.006606312861116544), (349, 0.00660626475123113), (350, 0.0066062375061104765), (351, 0.006606220614694746), (352, 0.0066061691649825765), (353, 0.006606162494822541), (354, 0.006606154319921874), (355, 0.006606154066560567), (356, 0.006605057328404876), (357, 0.006605017649510487), (358, 0.006605016445430515), (359, 0.006604992613379958), (360, 0.0066044974285208915), (361, 0.0066039827583865), (362, 0.006603983018188469), (363, 0.006603884983594405), (364, 0.006603874225066832), (365, 0.006603013212868493), (366, 0.006603013212868493), (367, 0.006602780451370181), (368, 0.006602294287316259), (369, 0.006602294317734625), (370, 0.006602292397250253), (371, 0.0066022592888196315), (372, 0.006602265275165123), (373, 0.006602264946033748), (374, 0.006602254529437459), (375, 0.00660224923157225), (376, 0.006602244065392112), (377, 0.006602200416197163), (378, 0.006602200416197163), (379, 0.006602200407242988), (380, 0.006602050433237479), (381, 0.0066021155512956935), (382, 0.006601524234488978), (383, 0.006601518281864115), (384, 0.006601325272410764), (385, 0.006601289639568383), (386, 0.006601218007367334), (387, 0.006601189933846293), (388, 0.006601084386099291), (389, 0.0066010881498345265), (390, 0.006601083119543534), (391, 0.006601062317614575), (392, 0.006601034250772069), (393, 0.006601027945387819), (394, 0.006601027945387819), (395, 0.00660100269389198), (396, 0.006600953427904545), (397, 0.006600952455415263), (398, 0.00660093694992646), (399, 0.006600907494267634), (400, 0.006600907421758054)]
2025-07-25 16:29:33.514182: predicted
0.20	52.19
0.21	52.23
0.22	52.27
0.23	52.31
0.24	52.35
0.25	52.39
0.26	52.43
0.27	52.47
0.28	52.50
0.29	52.53
0.30	52.57
0.31	52.60
0.32	52.63
0.33	52.66
0.34	52.69
0.35	52.72
0.36	52.74
0.37	52.77
0.38	52.80
0.39	52.82
0.40	52.85
0.41	52.87
0.42	52.89
0.43	52.91
0.44	52.93
0.45	52.96
0.46	52.98
0.47	52.99
0.48	53.01
0.49	53.03
0.50	53.05
0.51	53.07
0.52	53.08
0.53	53.10
0.54	53.12
0.55	53.13
0.56	53.15
0.57	53.16
0.58	53.18
0.59	53.19
0.60	53.20
0.61	53.22
0.62	53.23
0.63	53.24
0.64	53.25
0.65	53.27
0.66	53.28
0.67	53.29
0.68	53.30
0.69	53.31
0.70	53.32
0.71	53.33
0.72	53.34
0.73	53.35
0.74	53.36
0.75	53.37
0.76	53.38
0.77	53.39
0.78	53.40
0.79	53.40
0.80	53.41
0.81	53.42
0.82	53.43
0.83	53.44
0.84	53.44
0.85	53.45
0.86	53.46
0.87	53.47
0.88	53.47
0.89	53.48
0.90	53.49
0.91	53.49
0.92	53.50
0.93	53.51
0.94	53.51
0.95	53.52
0.96	53.53
0.97	53.53
0.98	53.54
0.99	53.54
['mse: 0.0688', 'mae: 0.0988', 'pfg: 0.1862', 'r2: 0.6052', 'ks_p: 0.9589', 'ks_D: 0.0870', 'mape: 0.0019']
