2025-07-07 23:34:44.583912: start test_charging
2025-07-07 23:34:44.583912: battery_model

data_provider.file_path data_v3_02_11_to_06_10.xlsx
data_provider.cols ['Timestamp', 'SoC(%)', 'Battery Current(A)', 'Battery Voltage(V)']
data_provider.searching_current 30
data_provider.spread 2 [28:32]
2025-07-07 23:34:44.583912: read_excel
2025-07-07 23:34:54.962356: get_charging_data
2025-07-07 23:34:54.976356: actual
      SoC  Battery Voltage(V)
0   0.35           53.821960
1   0.37           53.826181
2   0.38           53.826075
3   0.39           53.825250
4   0.40           53.824196
5   0.41           53.823343
6   0.42           53.823059
7   0.43           53.823660
8   0.44           53.825408
9   0.45           53.828514
10  0.46           53.833145
11  0.47           53.839421
12  0.48           53.847422
13  0.49           53.857190
14  0.50           53.868730
15  0.51           53.882016
16  0.52           53.896991
17  0.53           53.913572
18  0.54           53.931649
19  0.55           53.951094
20  0.56           53.971759
21  0.57           53.993480
22  0.58           54.016081
23  0.59           54.039376
24  0.60           54.063170
25  0.61           54.087266
26  0.62           54.111464
27  0.63           54.135566
28  0.64           54.159379
29  0.65           54.182715
30  0.66           54.205398
31  0.67           54.227263
32  0.68           54.248162
33  0.69           54.267964
34  0.70           54.286560
35  0.71           54.303866
36  0.72           54.319823
37  0.73           54.334403
38  0.74           54.347611
39  0.75           54.359486
40  0.76           54.370107
41  0.77           54.379592
42  0.78           54.388106
43  0.79           54.395857
44  0.80           54.403107
45  0.81           54.410166
46  0.82           54.417403
47  0.83           54.425244
48  0.84           54.434175
49  0.85           54.444746
50  0.86           54.457576
51  0.87           54.473351
52  0.88           54.492830
53  0.89           54.516849
54  0.90           54.546319
55  0.91           54.582234
56  0.92           54.625671
57  0.93           54.677795
58  0.94           54.739858
59  0.95           54.813207
60  0.96           54.899282
61  0.97           54.999621
2025-07-07 23:36:30.107131: Optimized Parameters (LSM): [1.01411703e-01 3.75438835e-02 1.21644414e-02 6.15276824e-01
 4.46650069e-03 7.40976887e-03 3.93507963e-03 9.99999997e-11
 1.00000000e-10 1.00000000e-10 1.00000000e-10 9.99999996e-11
 9.99999999e-11 1.00000000e-10 1.00000000e-10 1.00000000e-10
 1.00000000e-10 1.00000000e-10 1.00000000e-10 1.00000000e-10
 1.00000000e-10 1.71884393e-03 5.53361143e-04 1.69630051e-04
 5.91631105e-04 1.71887809e-03 3.03715587e-03 1.57689941e-02
 1.58107258e-02 3.16667065e-02 1.69644813e-04]
2025-07-07 23:36:30.107131: predicted_voltages_lsm_charging_v2
2025-07-07 23:36:30.107131: predicted
['mse: 30.2062', 'mae: 5.4955', 'pfg: 10.1412', 'r2: -345.0002', 'ks_p: 0.0000', 'ks_D: 1.0000', 'mape: 0.1014']
2025-07-07 23:37:34.850111: Optimized Parameters (GA): [8.32386691e-02 5.90155489e-05 8.59754695e-02 8.87926737e-01
 0.00000000e+00 0.00000000e+00 1.97443131e-01 7.34534285e-02
 4.13074003e-01 1.53836579e-01 2.46114938e-01 7.83287804e-01
 2.53785960e-02 1.41899187e-01 5.43062423e-01 3.19687641e-01
 1.43341740e+00 8.64137011e-03 8.10543485e-02 1.25961920e-01
 5.38056857e-01 1.92641991e-01 5.85102737e-01 2.63634989e-01
 4.37936675e-01 4.41510135e-02 6.39961233e-02 2.58000630e-02
 4.82176486e-01 1.38688555e-01 1.85493724e-01]
2025-07-07 23:37:34.851113: predicted
0.20	53.68
0.21	53.69
0.22	53.69
0.23	53.69
0.24	53.70
0.25	53.70
0.26	53.71
0.27	53.71
0.28	53.72
0.29	53.72
0.30	53.73
0.31	53.74
0.32	53.74
0.33	53.75
0.34	53.76
0.35	53.76
0.36	53.77
0.37	53.78
0.38	53.79
0.39	53.80
0.40	53.81
0.41	53.82
0.42	53.83
0.43	53.84
0.44	53.85
0.45	53.86
0.46	53.87
0.47	53.88
0.48	53.89
0.49	53.90
0.50	53.92
0.51	53.93
0.52	53.94
0.53	53.96
0.54	53.97
0.55	53.98
0.56	54.00
0.57	54.01
0.58	54.03
0.59	54.04
0.60	54.06
0.61	54.07
0.62	54.09
0.63	54.10
0.64	54.12
0.65	54.14
0.66	54.15
0.67	54.17
0.68	54.19
0.69	54.20
0.70	54.22
0.71	54.24
0.72	54.26
0.73	54.28
0.74	54.30
0.75	54.32
0.76	54.33
0.77	54.35
0.78	54.37
0.79	54.39
0.80	54.41
0.81	54.44
0.82	54.46
0.83	54.48
0.84	54.50
0.85	54.52
0.86	54.54
0.87	54.56
0.88	54.59
0.89	54.61
0.90	54.63
0.91	54.66
0.92	54.68
0.93	54.70
0.94	54.73
0.95	54.75
0.96	54.77
0.97	54.80
0.98	54.82
0.99	54.85
['mse: 0.0027', 'mae: 0.0437', 'pfg: 0.0806', 'r2: 0.9694', 'ks_p: 0.8211', 'ks_D: 0.1148', 'mape: 0.0008']
