2025-07-22 08:36:06.019793: start test_charging
2025-07-22 08:36:06.020793: battery_model

data_provider.file_path data_v3_02_11_to_06_10.xlsx
data_provider.cols ['Timestamp', 'SoC(%)', 'Battery Current(A)', 'Battery Voltage(V)']
data_provider.searching_current 20
data_provider.spread 2 [18:22]
2025-07-22 08:36:06.020793: read_excel
2025-07-22 08:36:16.396159: get_charging_data
2025-07-22 08:36:16.410159: actual
      SoC  Battery Voltage(V)
0   0.28           53.468731
1   0.29           53.501424
2   0.30           53.526203
3   0.31           53.544271
4   0.34           53.568890
5   0.35           53.570362
6   0.36           53.569827
7   0.37           53.567984
8   0.38           53.565459
9   0.39           53.562807
10  0.40           53.560517
11  0.41           53.559010
12  0.42           53.558650
13  0.43           53.559738
14  0.44           53.562524
15  0.45           53.567202
16  0.46           53.573918
17  0.47           53.582770
18  0.48           53.593813
19  0.49           53.607064
20  0.50           53.622497
21  0.51           53.640056
22  0.52           53.659651
23  0.53           53.681165
24  0.54           53.704453
25  0.55           53.729349
26  0.56           53.755667
27  0.57           53.783204
28  0.58           53.811743
29  0.59           53.841057
30  0.60           53.870911
31  0.61           53.901064
32  0.62           53.931275
33  0.63           53.961302
34  0.64           53.990910
35  0.65           54.019868
36  0.66           54.047959
37  0.67           54.074975
38  0.68           54.100726
39  0.69           54.125042
40  0.70           54.147773
41  0.71           54.168796
42  0.72           54.188015
43  0.73           54.205365
44  0.74           54.220815
45  0.75           54.234372
46  0.76           54.246082
47  0.77           54.256034
48  0.78           54.264364
49  0.79           54.271255
50  0.80           54.276943
51  0.81           54.281720
52  0.82           54.285934
53  0.83           54.289995
54  0.84           54.294377
55  0.85           54.299620
56  0.86           54.306335
57  0.87           54.315204
58  0.88           54.326988
59  0.89           54.342523
60  0.90           54.362729
61  0.91           54.388611
62  0.92           54.421261
63  0.93           54.461861
64  0.94           54.511689
65  0.95           54.572118
66  0.96           54.644620
67  0.97           54.730772
68  0.98           54.832255
2025-07-22 08:37:43.614936: Optimized Parameters (GA): [0.         0.49699915 0.60570351 0.82641258 0.         0.
 0.78301286 0.56411932 0.55965419 0.31940597 0.61112382 0.32962141
 0.36503755 0.15773876 0.01230714 0.10845745 0.64178431 0.89356889
 0.7112958  1.00297357 0.01454221 0.49403814 0.60731183 0.81628284
 0.76686216 0.         0.         0.         0.30323096 1.20259459
 0.22338856]
2025-07-22 08:37:43.614936: his_best_fitness: [(1, 42.933155259195324), (2, 30.06541121996043), (3, 15.540834347737865), (4, 4.620422672612011), (5, 1.0696658470896994), (6, 0.7390628154673284), (7, 0.30408088875458816), (8, 0.29342323068631376), (9, 0.2158601869691979), (10, 0.16376717477947875), (11, 0.1592814817487892), (12, 0.08198090995787916), (13, 0.08198090995787916), (14, 0.05311741898527407), (15, 0.04488912595599992), (16, 0.02941129993324227), (17, 0.017911769435075976), (18, 0.015840182719540987), (19, 0.012739528652817213), (20, 0.012739528652817179), (21, 0.01192930687014973), (22, 0.011585166980562552), (23, 0.010375310494963522), (24, 0.008845769184920166), (25, 0.008721588269821142), (26, 0.008662892203235467), (27, 0.008678934091986086), (28, 0.008662892203235467), (29, 0.008616650223006792), (30, 0.008601402733562264), (31, 0.008587110021165793), (32, 0.008587110021165733), (33, 0.008587110021165705), (34, 0.008581561533066145), (35, 0.008581561533066013), (36, 0.008552581975646036), (37, 0.008545302552028592), (38, 0.008547630074148896), (39, 0.008547630074148896), (40, 0.008538428830232047), (41, 0.00853842883023187), (42, 0.00853842883023187), (43, 0.00853842883023187), (44, 0.00853842883023187), (45, 0.008538414945354613), (46, 0.008538414945354575), (47, 0.008538414945354575), (48, 0.008538414945354575), (49, 0.008538414945354575), (50, 0.008538414945354575), (51, 0.008538414945354575), (52, 0.008538414945354575), (53, 0.008538414945354575), (54, 0.008538414945354575), (55, 0.008538414945354575), (56, 0.008538414945354575), (57, 0.008538414945354575), (58, 0.008538414945354575), (59, 0.008538414945354575), (60, 0.008538414945354575), (61, 0.008538414945354575), (62, 0.008535429107555819), (63, 0.008534368546635397), (64, 0.008534387034214063), (65, 0.008504376983949406), (66, 0.008473513680745922), (67, 0.008473513680745922), (68, 0.008473513680745953), (69, 0.008472435805698883), (70, 0.008466368148938835), (71, 0.008465324162986369), (72, 0.008465324162986369), (73, 0.008460993943844896), (74, 0.008460353066220574), (75, 0.008460353066220484), (76, 0.008457579766234034), (77, 0.008441036699947457), (78, 0.008437940779700058), (79, 0.008437940779700078), (80, 0.008436388767662631), (81, 0.008436388767662631), (82, 0.008436388767662497), (83, 0.008436161816921337), (84, 0.008436202197191234), (85, 0.008436196532705553), (86, 0.008436196532705553), (87, 0.008436196532705567), (88, 0.008426892721168977), (89, 0.008426892721168939), (90, 0.008426892721168939), (91, 0.008426892721168939), (92, 0.008416704461262324), (93, 0.008416704461262324), (94, 0.008416704461262409), (95, 0.00841549239670892), (96, 0.008415492396708893), (97, 0.00841549239670892), (98, 0.008415492396708893), (99, 0.0084154923967087), (100, 0.008412711115607338), (101, 0.008412711115607251), (102, 0.008412711115607128), (103, 0.008412711115607128), (104, 0.008412655850292963), (105, 0.008412655850292963), (106, 0.008412181915208742), (107, 0.008412181915208787), (108, 0.008404482980924248), (109, 0.008404482980924206), (110, 0.008404482980924206), (111, 0.008404482980924206), (112, 0.008404482980924097), (113, 0.00840448298092408), (114, 0.008404436831930085), (115, 0.008404436831930085), (116, 0.00840443683192992), (117, 0.008400174574833913), (118, 0.008368792046428791), (119, 0.008368792046428791), (120, 0.008362485546710851), (121, 0.008362485546710673), (122, 0.008359351950489865), (123, 0.008359351950489454), (124, 0.008359351950489452), (125, 0.008359351950489573), (126, 0.008359351950489573), (127, 0.008359351950489452), (128, 0.008354827234086669), (129, 0.008354522861805233), (130, 0.008354522861805169), (131, 0.008342896594248365), (132, 0.008343047971932699), (133, 0.00833918953269438), (134, 0.008339186673881716), (135, 0.008339186673881716), (136, 0.008339186673881697), (137, 0.008339186673881697), (138, 0.008338234509104005), (139, 0.008338181262786105), (140, 0.008338181262786105), (141, 0.008337797532034395), (142, 0.008337797532034395), (143, 0.008337797532034369), (144, 0.00833779753203446), (145, 0.00833779753203446), (146, 0.008337445970116123), (147, 0.008337059022376327), (148, 0.008337059022376327), (149, 0.008337059022376327), (150, 0.008337573870300194), (151, 0.008337573870300194), (152, 0.008336984813471351), (153, 0.008336922395517588), (154, 0.008336922395517456), (155, 0.008336897283563276), (156, 0.0083368972835632), (157, 0.0083368972835632), (158, 0.008336897283563058), (159, 0.008336511642096003), (160, 0.00833651164209589), (161, 0.008336511642095867), (162, 0.008336062537051315), (163, 0.008336062537051315), (164, 0.008336062537051315), (165, 0.008336062537051315), (166, 0.00833606253705129), (167, 0.00833606253705129), (168, 0.00833606253705129), (169, 0.008336062537051287), (170, 0.008336062537051287), (171, 0.008336021737702143), (172, 0.008336021737701827), (173, 0.008336021737702044), (174, 0.00833601971496597), (175, 0.00833601971496597), (176, 0.008335641841376858), (177, 0.008335641841376803), (178, 0.008335641841376803), (179, 0.008334372749939672), (180, 0.008334372749939707), (181, 0.008334372749939672), (182, 0.008334372749939666), (183, 0.008334372749939666), (184, 0.008334372749939666), (185, 0.008334372749939666), (186, 0.008334372749939666), (187, 0.008334372749939666), (188, 0.008334372749939666), (189, 0.008334372749939666), (190, 0.008334372749939666), (191, 0.008334372749939555), (192, 0.008334372749939555), (193, 0.008334372749939555), (194, 0.008334372749939555), (195, 0.008334371813966589), (196, 0.008334364456601972), (197, 0.008334364456601826), (198, 0.008334364456601826), (199, 0.008334364456601951), (200, 0.008334364456601951), (201, 0.008334364456601951), (202, 0.008334364456601823), (203, 0.008334348841308228), (204, 0.008334348841308074), (205, 0.008334348841308074), (206, 0.008334348841308018), (207, 0.008334348841308074), (208, 0.008334348841308074), (209, 0.008334348841308011), (210, 0.008334348841308011), (211, 0.008334348841308011), (212, 0.008334348841307827), (213, 0.008334348841307827), (214, 0.008334348841307827), (215, 0.008334348841307827), (216, 0.00833434845993384), (217, 0.008334348459933444), (218, 0.008334348459933829), (219, 0.008334348459933444), (220, 0.008334348459933444), (221, 0.008334348459933444), (222, 0.008334348459933444), (223, 0.008334348459933444), (224, 0.008334348459933444), (225, 0.008334348459933444), (226, 0.008334348459933444), (227, 0.008334348459933444), (228, 0.008334348459933444), (229, 0.00833433171488301), (230, 0.008334331714882796), (231, 0.008334331714882796), (232, 0.008334331714882796), (233, 0.008334331714882695), (234, 0.008334331714882695), (235, 0.008334331714882695), (236, 0.008334331714882695), (237, 0.008334331714882695), (238, 0.008334331714882695), (239, 0.008334331714882695), (240, 0.008334331714882695), (241, 0.008334331714882695), (242, 0.008334331714882695), (243, 0.008334331714882695), (244, 0.008334328766423923), (245, 0.008334328766423716), (246, 0.008334328766423716), (247, 0.008334328766423716), (248, 0.008334328766423716), (249, 0.008334328766423716), (250, 0.008334328766423786), (251, 0.008334328766423716), (252, 0.008334328766423716), (253, 0.008334328766423716), (254, 0.008334328766423716), (255, 0.008334328766423716), (256, 0.008334328766423716), (257, 0.008334328766423716), (258, 0.00833428534502981), (259, 0.008334285345029802), (260, 0.008334285345029805), (261, 0.008334285345029802), (262, 0.008334285345029745), (263, 0.008334285345029587), (264, 0.008334285345029587), (265, 0.008334285345029587), (266, 0.008334285345029587), (267, 0.008334285345029656), (268, 0.008334285345029656), (269, 0.008334278889139903), (270, 0.008334278889139886), (271, 0.008334278889139686), (272, 0.008334278889139686), (273, 0.008334272114242668), (274, 0.00833427211424256), (275, 0.008334272114242446), (276, 0.008334272114242446), (277, 0.008334272114242446), (278, 0.008334272114242446), (279, 0.008334258645696518), (280, 0.008334272114242446), (281, 0.008334272114242446), (282, 0.008334222795167691), (283, 0.008334222795167557), (284, 0.008334222795167557), (285, 0.008334222795167557), (286, 0.00833409182965211), (287, 0.008334091829651922), (288, 0.008334091829651922), (289, 0.008334091829651922), (290, 0.00833403844748119), (291, 0.008333940669832462), (292, 0.008333937799888792), (293, 0.00833393779988878), (294, 0.008333937799888705), (295, 0.008333937799888705), (296, 0.008333937799888705), (297, 0.008333937799888686), (298, 0.008333937799888686), (299, 0.008333937799888686), (300, 0.008333937799888686), (301, 0.008333937799888686), (302, 0.008333937799888686), (303, 0.008333937799888686), (304, 0.008333937799888686), (305, 0.00833393779988865), (306, 0.00833393779988865), (307, 0.00833393779988865), (308, 0.00833393779988865), (309, 0.00833393779988865), (310, 0.00833393779988865), (311, 0.00833393779988865), (312, 0.00833393779988865), (313, 0.00833393779988865), (314, 0.00833393779988865), (315, 0.008333850737410735), (316, 0.008333850737410733), (317, 0.008333850737410838), (318, 0.008333850737410733), (319, 0.008333850737410733), (320, 0.008333850737410721), (321, 0.008333850737410721), (322, 0.008333846692567847), (323, 0.008333836875195656), (324, 0.008333836875195774), (325, 0.008333836875195622), (326, 0.008333798225080912), (327, 0.008333798225080912), (328, 0.008333798225080779), (329, 0.008333788796731837), (330, 0.00833378879673153), (331, 0.008333788796731481), (332, 0.00833378879673135), (333, 0.008333760879496907), (334, 0.008333760879496907), (335, 0.008333760879496907), (336, 0.0083337608794967), (337, 0.008333760879496391), (338, 0.008333760879496391), (339, 0.008333760879496391), (340, 0.008333239138877636), (341, 0.008333239138877636), (342, 0.008333239138877636), (343, 0.008333239138877636), (344, 0.008333239138877452), (345, 0.008332822817384063), (346, 0.008332822817383855), (347, 0.008332822817383855), (348, 0.008332822817383855), (349, 0.008332822817383855), (350, 0.008332817940316418), (351, 0.008332817940316416), (352, 0.008332817940316416), (353, 0.008332817940316416), (354, 0.008332489942755017), (355, 0.008332495399827267), (356, 0.008332807945479527), (357, 0.008332784338885513), (358, 0.008332807945479578), (359, 0.008332807945479507), (360, 0.008332807945479498), (361, 0.008332802674626952), (362, 0.008332802674626952), (363, 0.008332801057735487), (364, 0.00833280105773538), (365, 0.00833266269562907), (366, 0.00833266269562907), (367, 0.00833219578005398), (368, 0.008332138370428333), (369, 0.008332138370428333), (370, 0.008332079524129192), (371, 0.00833207952412909), (372, 0.008332079524129192), (373, 0.008332079524129055), (374, 0.008332079524129055), (375, 0.008332056961981174), (376, 0.008332056961980742), (377, 0.008332056961980843), (378, 0.008332044946374191), (379, 0.008332044946374191), (380, 0.008332044946374191), (381, 0.008332044946374155), (382, 0.008332044946374155), (383, 0.008332044946374104), (384, 0.008332040547254949), (385, 0.008332040547254737), (386, 0.008332040547254737), (387, 0.008331921840469013), (388, 0.008331921840469013), (389, 0.008331990761822651), (390, 0.008331990761822545), (391, 0.008331928280391237), (392, 0.008331990761822602), (393, 0.008331990761822602), (394, 0.008331714504041838), (395, 0.008331714504041838), (396, 0.008331714504041838), (397, 0.008331714504041765), (398, 0.00833171450404169), (399, 0.008331714504041647), (400, 0.008331694802556164)]
2025-07-22 08:37:43.616980: predicted
0.20	53.38
0.21	53.39
0.22	53.39
0.23	53.40
0.24	53.41
0.25	53.42
0.26	53.43
0.27	53.44
0.28	53.44
0.29	53.45
0.30	53.46
0.31	53.47
0.32	53.48
0.33	53.50
0.34	53.51
0.35	53.52
0.36	53.53
0.37	53.54
0.38	53.55
0.39	53.56
0.40	53.58
0.41	53.59
0.42	53.60
0.43	53.61
0.44	53.63
0.45	53.64
0.46	53.65
0.47	53.67
0.48	53.68
0.49	53.70
0.50	53.71
0.51	53.72
0.52	53.74
0.53	53.76
0.54	53.77
0.55	53.79
0.56	53.80
0.57	53.82
0.58	53.83
0.59	53.85
0.60	53.87
0.61	53.88
0.62	53.90
0.63	53.92
0.64	53.94
0.65	53.95
0.66	53.97
0.67	53.99
0.68	54.01
0.69	54.03
0.70	54.05
0.71	54.07
0.72	54.09
0.73	54.11
0.74	54.13
0.75	54.15
0.76	54.17
0.77	54.19
0.78	54.21
0.79	54.23
0.80	54.25
0.81	54.27
0.82	54.29
0.83	54.31
0.84	54.34
0.85	54.36
0.86	54.38
0.87	54.40
0.88	54.43
0.89	54.45
0.90	54.47
0.91	54.50
0.92	54.52
0.93	54.54
0.94	54.57
0.95	54.59
0.96	54.62
0.97	54.64
0.98	54.67
0.99	54.69
['mse: 0.0048', 'mae: 0.0605', 'pfg: 0.1122', 'r2: 0.9612', 'ks_p: 0.8676', 'ks_D: 0.1029', 'mape: 0.0011']
