2025-07-25 16:42:14.931417: start test_charging
2025-07-25 16:42:14.931417: battery_model

data_provider.file_path data_v3_02_11_to_06_10.xlsx
data_provider.cols ['Timestamp', 'SoC(%)', 'Battery Current(A)', 'Battery Voltage(V)']
data_provider.searching_current 20
data_provider.spread 1 [19:21]
2025-07-25 16:42:14.932418: read_excel
2025-07-25 16:42:25.467306: get_charging_data
2025-07-25 16:42:25.482366: actual
      SoC  Battery Voltage(V)
0   0.28           53.479058
1   0.29           53.507501
2   0.30           53.528982
3   0.31           53.544591
4   0.34           53.565866
5   0.35           53.567267
6   0.36           53.567048
7   0.37           53.565836
8   0.38           53.564192
9   0.39           53.562611
10  0.40           53.561526
11  0.41           53.561312
12  0.42           53.562286
13  0.43           53.564712
14  0.44           53.568803
15  0.45           53.574723
16  0.46           53.582593
17  0.47           53.592488
18  0.48           53.604447
19  0.49           53.618468
20  0.50           53.634519
21  0.51           53.652532
22  0.52           53.672415
23  0.53           53.694047
24  0.54           53.717283
25  0.55           53.741962
26  0.56           53.767901
27  0.57           53.794905
28  0.58           53.822765
29  0.59           53.851265
30  0.60           53.880181
31  0.61           53.909286
32  0.62           53.938351
33  0.63           53.967151
34  0.64           53.995465
35  0.65           54.023077
36  0.66           54.049785
37  0.67           54.075398
38  0.68           54.099741
39  0.69           54.122658
40  0.70           54.144014
41  0.71           54.163699
42  0.72           54.181629
43  0.73           54.197750
44  0.74           54.212040
45  0.75           54.224514
46  0.76           54.235224
47  0.77           54.244262
48  0.79           54.257915
49  0.80           54.262945
50  0.81           54.267140
51  0.82           54.270837
52  0.83           54.274434
53  0.84           54.278387
54  0.85           54.283217
55  0.86           54.289508
56  0.87           54.297915
57  0.88           54.309165
58  0.89           54.324057
59  0.90           54.343469
60  0.91           54.368358
61  0.92           54.399763
62  0.93           54.438809
63  0.94           54.486710
64  0.95           54.544768
65  0.96           54.614384
66  0.97           54.697049
67  0.98           54.794358
2025-07-25 16:44:37.339821: Optimized Parameters (LSM): [-1.76112137e-01 -3.52264868e-02 -7.04545876e-03 -2.74101680e-01
  8.58410064e-02  1.71703225e-02  3.43415187e-03  0.00000000e+00
  0.00000000e+00  0.00000000e+00  0.00000000e+00  0.00000000e+00
  0.00000000e+00  0.00000000e+00  0.00000000e+00  0.00000000e+00
  0.00000000e+00  0.00000000e+00  0.00000000e+00  0.00000000e+00
  0.00000000e+00 -4.27753429e-03 -8.55512830e-04 -1.71102551e-04
 -1.35126664e-04 -4.29268003e-03  1.14442451e-01  1.52175825e-01
  1.57154772e-01  8.58542562e-04 -1.71708162e-04]
2025-07-25 16:44:37.340823: predicted_voltages_lsm_charging_v2
2025-07-25 16:44:37.341822: predicted
['mse: 0.0046', 'mae: 0.0593', 'pfg: 0.1100', 'r2: 0.9606', 'ks_p: 0.9535', 'ks_D: 0.0896', 'mape: 0.0011']
2025-07-25 16:45:32.936659: Optimized Parameters (GA): [0.00738294 0.         0.03095546 0.68128901 0.         0.
 0.02944303 0.31359458 0.32972321 0.         0.30991628 0.09014719
 0.01577059 0.01141482 0.         0.39114215 0.61822188 0.05304092
 0.01229965 0.29005264 0.41194328 1.35352631 0.46658294 0.07565282
 0.02231772 0.76708152 0.82185123 0.43977478 0.21802505 0.45686167
 0.25104811]
2025-07-25 16:45:32.936659: his_best_fitness: [(1, 6.10185624394448), (2, 3.743493838743851), (3, 3.5730957875735676), (4, 2.8030184336440205), (5, 2.350784340538809), (6, 1.8798694146116741), (7, 1.7450449904273437), (8, 1.3379507226241154), (9, 1.1082253477328592), (10, 0.7383134659157159), (11, 0.505134124988275), (12, 0.39454806734832804), (13, 0.31695978651794476), (14, 0.20424270628162633), (15, 0.14239765454380587), (16, 0.0782131135518639), (17, 0.04452248947855689), (18, 0.03251642369549061), (19, 0.03014504855454942), (20, 0.012230641362182298), (21, 0.008890854420394839), (22, 0.0083504054728992), (23, 0.0083504054728992), (24, 0.0083504054728992), (25, 0.008315876114439834), (26, 0.008315876114439834), (27, 0.008313308955963685), (28, 0.008313308955963685), (29, 0.008313308955963617), (30, 0.008313308955963598), (31, 0.008309135173964907), (32, 0.008304542898216595), (33, 0.008301468660133008), (34, 0.008291873944823712), (35, 0.008293520686901338), (36, 0.008295219729379676), (37, 0.008290718543249323), (38, 0.008290718543249483), (39, 0.008292328816359957), (40, 0.00829232881636013), (41, 0.00828550740770985), (42, 0.008290610396012369), (43, 0.008290610396012369), (44, 0.0082880027963555), (45, 0.008289971003875995), (46, 0.008289971003875995), (47, 0.008289971003875995), (48, 0.008289971003876063), (49, 0.008289971003876163), (50, 0.008289971003876163), (51, 0.008289971003876163), (52, 0.008289971003876049), (53, 0.008289971003876049), (54, 0.008289971003876042), (55, 0.008289971003876042), (56, 0.008289971003876042), (57, 0.008289971003876042), (58, 0.008288343684224372), (59, 0.008288343684224372), (60, 0.008289971003876042), (61, 0.008289971003876042), (62, 0.008289971003876042), (63, 0.008289971003876042), (64, 0.008289860586911724), (65, 0.008289971003876042), (66, 0.008285413248351723), (67, 0.008285413248351723), (68, 0.008285452211411231), (69, 0.008285452211411186), (70, 0.008285960461582975), (71, 0.008285960461582975), (72, 0.008286204404412271), (73, 0.008286204404412217), (74, 0.0082853884592671), (75, 0.008285361985456418), (76, 0.008285361985456374), (77, 0.008285361985456237), (78, 0.008285361985456237), (79, 0.008285361985456237), (80, 0.008285280365501461), (81, 0.008285280365501321), (82, 0.008285280365501321), (83, 0.0082852321858249), (84, 0.008285280365501321), (85, 0.008285280365501321), (86, 0.008285280365501321), (87, 0.008282291291439637), (88, 0.008282291291439637), (89, 0.008285176237875582), (90, 0.008283355803616435), (91, 0.008275144880813068), (92, 0.008278846345044775), (93, 0.008275144880813068), (94, 0.008275144880813068), (95, 0.008271412429608048), (96, 0.008252095611469841), (97, 0.008271369518366038), (98, 0.008271369518366038), (99, 0.008233361353734387), (100, 0.008233361353734387), (101, 0.008099857073526305), (102, 0.008233361353734387), (103, 0.008150089607271937), (104, 0.008214525570649996), (105, 0.008229552573254632), (106, 0.008214525570649996), (107, 0.008214395199747265), (108, 0.008198946360726605), (109, 0.008198946360726787), (110, 0.008148006231116632), (111, 0.008116004039884488), (112, 0.008116004039884488), (113, 0.008093037999193017), (114, 0.008093037999193017), (115, 0.008093037999193014), (116, 0.00809006149392258), (117, 0.008092613096210913), (118, 0.00809261309621076), (119, 0.008071432813585862), (120, 0.00807143281358573), (121, 0.008070237311671518), (122, 0.008070237311671398), (123, 0.008059338359104242), (124, 0.008060032792184105), (125, 0.008060032792184105), (126, 0.008059728560507176), (127, 0.008059728560507039), (128, 0.008059144050976139), (129, 0.00805972856050704), (130, 0.00805972856050704), (131, 0.008059477028764278), (132, 0.008059009439060235), (133, 0.008059009439060136), (134, 0.008058874445556904), (135, 0.008059009439060235), (136, 0.00805900943905997), (137, 0.008058978962124659), (138, 0.008058921755959614), (139, 0.008058975165408558), (140, 0.00805889739695578), (141, 0.008058903175740439), (142, 0.008058903175740486), (143, 0.008058903175740486), (144, 0.008058903175740486), (145, 0.008058903175740486), (146, 0.008058903175740486), (147, 0.008058903175740477), (148, 0.008058903175740463), (149, 0.008058903175740463), (150, 0.008058903175740477), (151, 0.00805890317574047), (152, 0.00805890317574047), (153, 0.008058903175740454), (154, 0.008058877389870173), (155, 0.008058903175740378), (156, 0.008058870579071387), (157, 0.008058828757580438), (158, 0.008058870579071264), (159, 0.008058870579071264), (160, 0.008058870579071264), (161, 0.008058856895512457), (162, 0.008058856895512457), (163, 0.008058856895512457), (164, 0.008058856895512457), (165, 0.00805854573264205), (166, 0.00805854573264194), (167, 0.00805854573264194), (168, 0.00805854573264194), (169, 0.00805854573264194), (170, 0.00805854573264194), (171, 0.00805854573264194), (172, 0.00805854573264194), (173, 0.008056539744895315), (174, 0.008056539744895315), (175, 0.008056539744895315), (176, 0.00805854573264194), (177, 0.00805854573264194), (178, 0.00805854573264194), (179, 0.00805854236407028), (180, 0.00805854236407028), (181, 0.008058542364070265), (182, 0.008058542364070265), (183, 0.008058542364070265), (184, 0.008058542364070265), (185, 0.008058542364070265), (186, 0.008058542364070265), (187, 0.008058542364070265), (188, 0.008058542364070265), (189, 0.008058542364070265), (190, 0.008058542364070236), (191, 0.008058542364070236), (192, 0.008058542364070236), (193, 0.008058542364070236), (194, 0.008058542364070236), (195, 0.008058542364070236), (196, 0.008058542364070236), (197, 0.008058542364070236), (198, 0.008058542364070236), (199, 0.008058542364070236), (200, 0.008058537106096518), (201, 0.008058537106096518), (202, 0.008058542364070236), (203, 0.008058542364070227), (204, 0.008058534524363017), (205, 0.008058534524362757), (206, 0.008058532735029775), (207, 0.008058429055815466), (208, 0.008058429055815466), (209, 0.008058532735029881), (210, 0.008058532735029881), (211, 0.008058532735029881), (212, 0.008058467456490519), (213, 0.008058467456490737), (214, 0.008058467456490397), (215, 0.008058467456490397), (216, 0.008058467456490397), (217, 0.008058467456490397), (218, 0.008058467456490397), (219, 0.008058467456490397), (220, 0.008058467456490397), (221, 0.008058467456490397), (222, 0.008058467456490397), (223, 0.008058467456490397), (224, 0.008058467456490397), (225, 0.008058343694659369), (226, 0.008058343694659369), (227, 0.008058343694659369), (228, 0.008058230402082246), (229, 0.008058230402081989), (230, 0.008058230402081963), (231, 0.008058208118505434), (232, 0.008058230402081963), (233, 0.008058230402081963), (234, 0.008058230402081963), (235, 0.008058230402081963), (236, 0.008058230402081963), (237, 0.008058230402081963), (238, 0.008058061744518834), (239, 0.008058061744518834), (240, 0.008058230402081963), (241, 0.008057362779767511), (242, 0.008057362779767511), (243, 0.008057981733597959), (244, 0.008057981733598165), (245, 0.008058230402081992), (246, 0.008058230402081992), (247, 0.008058230402081992), (248, 0.008058230402081992), (249, 0.008058230362242024), (250, 0.008058230362241865), (251, 0.008058230362241865), (252, 0.008058230362241865), (253, 0.008058230362241865), (254, 0.008058230362241865), (255, 0.008058230362242017), (256, 0.008058230362242017), (257, 0.008058230362242017), (258, 0.008058230362242017), (259, 0.008058230362241937), (260, 0.008058230362241937), (261, 0.008058230362241937), (262, 0.008058230362241937), (263, 0.008058230362241937), (264, 0.008058230362241937), (265, 0.008058230362241866), (266, 0.008058230362241866), (267, 0.008058230362241866), (268, 0.008058185131756497), (269, 0.008058185131756497), (270, 0.008058230362241866), (271, 0.008058230362241866), (272, 0.008058230362241866), (273, 0.008058230362241866), (274, 0.008058230362241866), (275, 0.008057916704967768), (276, 0.008058230362241866), (277, 0.008058230362241866), (278, 0.008058230362241866), (279, 0.008057871430836505), (280, 0.008058230362241866), (281, 0.008058230362241866), (282, 0.008058230362241866), (283, 0.008058230362241866), (284, 0.008058209243738547), (285, 0.00805780345804061), (286, 0.00805780345804061), (287, 0.00805780345804061), (288, 0.00805780345804061), (289, 0.00805780345804061), (290, 0.008058226615061349), (291, 0.00805822661506135), (292, 0.00805822661506135), (293, 0.00805822661506135), (294, 0.008058226615061241), (295, 0.008058226615061241), (296, 0.008058226615061241), (297, 0.008058226615061241), (298, 0.008058158992507454), (299, 0.008058158992507381), (300, 0.008058158992507381), (301, 0.008058158992507392), (302, 0.008058158683538364), (303, 0.008058158683538364), (304, 0.008058158683538309), (305, 0.008058158683538309), (306, 0.008058158683538309), (307, 0.008058158683538309), (308, 0.008058158683538309), (309, 0.008057528667795176), (310, 0.008058158683538309), (311, 0.008058158683538309), (312, 0.008058158683538309), (313, 0.008058158683538291), (314, 0.008058158683538291), (315, 0.00805814667570278), (316, 0.008058158683538291), (317, 0.008058158683538291), (318, 0.008058158683538291), (319, 0.008058158683538291), (320, 0.008058158683538291), (321, 0.008058158683538291), (322, 0.008058158683538291), (323, 0.008058158683538291), (324, 0.008057709600357944), (325, 0.008057237735451448), (326, 0.00805333739640633), (327, 0.008053100042712221), (328, 0.008053337396406252), (329, 0.00805302951605698), (330, 0.00805302951605698), (331, 0.008052895504207225), (332, 0.008052895221603988), (333, 0.008052524776316083), (334, 0.008052067448097664), (335, 0.008051845714104285), (336, 0.008051830351086642), (337, 0.008051788256598295), (338, 0.008051760302752627), (339, 0.008051769164464921), (340, 0.00805178825659816), (341, 0.008051748197450708), (342, 0.008051725429747466), (343, 0.008051725429747445), (344, 0.008051725429747393), (345, 0.008051725429747393), (346, 0.008051603427696025), (347, 0.008051111119991395), (348, 0.008051111119991395), (349, 0.008051660853875292), (350, 0.008051660853875046), (351, 0.008051660853875046), (352, 0.008051660853875046), (353, 0.00805108901659337), (354, 0.008050966094281404), (355, 0.008050966094281253), (356, 0.008050793233223016), (357, 0.008050793233223268), (358, 0.008050529613306105), (359, 0.008050327724722351), (360, 0.008050320366877027), (361, 0.008050198220045423), (362, 0.008050092229834901), (363, 0.008050092229834811), (364, 0.00805009222983464), (365, 0.008050046883611182), (366, 0.008049585402902962), (367, 0.008049844824934541), (368, 0.008049844824934541), (369, 0.008050100318456117), (370, 0.008050069975538213), (371, 0.008049792293276532), (372, 0.008049990024116237), (373, 0.008049748429791545), (374, 0.008049747265478217), (375, 0.008049747265478217), (376, 0.008049747265478217), (377, 0.008049747265477993), (378, 0.008049737958433025), (379, 0.008049737958433025), (380, 0.008049737958432961), (381, 0.008049737958432961), (382, 0.008049737958432961), (383, 0.008049640111761897), (384, 0.008049640111761897), (385, 0.008049640111761897), (386, 0.008049640111761897), (387, 0.008049640111761897), (388, 0.00804899037386853), (389, 0.00804834588639772), (390, 0.008048512285382352), (391, 0.008048170887152874), (392, 0.008048553953016634), (393, 0.00804817088715277), (394, 0.00804800342190249), (395, 0.00804800342190249), (396, 0.008047589357830225), (397, 0.008047589357830131), (398, 0.008047589357830131), (399, 0.008047589357830131), (400, 0.008047589357830131)]
2025-07-25 16:45:32.940673: predicted
0.20	53.34
0.21	53.35
0.22	53.36
0.23	53.37
0.24	53.38
0.25	53.39
0.26	53.41
0.27	53.42
0.28	53.43
0.29	53.44
0.30	53.45
0.31	53.47
0.32	53.48
0.33	53.49
0.34	53.50
0.35	53.52
0.36	53.53
0.37	53.54
0.38	53.55
0.39	53.57
0.40	53.58
0.41	53.59
0.42	53.61
0.43	53.62
0.44	53.64
0.45	53.65
0.46	53.66
0.47	53.68
0.48	53.69
0.49	53.71
0.50	53.72
0.51	53.74
0.52	53.75
0.53	53.77
0.54	53.78
0.55	53.80
0.56	53.81
0.57	53.83
0.58	53.84
0.59	53.86
0.60	53.88
0.61	53.89
0.62	53.91
0.63	53.93
0.64	53.94
0.65	53.96
0.66	53.98
0.67	53.99
0.68	54.01
0.69	54.03
0.70	54.05
0.71	54.07
0.72	54.08
0.73	54.10
0.74	54.12
0.75	54.14
0.76	54.16
0.77	54.18
0.78	54.20
0.79	54.22
0.80	54.24
0.81	54.26
0.82	54.28
0.83	54.30
0.84	54.32
0.85	54.34
0.86	54.36
0.87	54.38
0.88	54.40
0.89	54.42
0.90	54.44
0.91	54.47
0.92	54.49
0.93	54.51
0.94	54.53
0.95	54.56
0.96	54.58
0.97	54.60
0.98	54.63
0.99	54.65
['mse: 0.0046', 'mae: 0.0596', 'pfg: 0.1104', 'r2: 0.9605', 'ks_p: 0.8617', 'ks_D: 0.1045', 'mape: 0.0011']
