2025-07-29 21:34:22.661352: start test_charging
2025-07-29 21:34:22.661352: battery_model

data_provider.file_path data_v3_02_11_to_06_10.xlsx
data_provider.cols ['Timestamp', 'SoC(%)', 'Battery Current(A)', 'Battery Voltage(V)']
data_provider.searching_current 30
data_provider.spread 1 [29:31]
2025-07-29 21:34:22.661352: read_excel
2025-07-29 21:34:33.660715: get_charging_data
2025-07-29 21:34:33.680767: actual
      SoC  Battery Voltage(V)
0   0.35           53.838906
1   0.37           53.853166
2   0.38           53.855905
3   0.39           53.856748
4   0.40           53.856367
5   0.42           53.854241
6   0.43           53.853472
7   0.44           53.853437
8   0.45           53.854459
9   0.46           53.856803
10  0.47           53.860677
11  0.48           53.866238
12  0.49           53.873590
13  0.50           53.882797
14  0.51           53.893875
15  0.52           53.906806
16  0.53           53.921532
17  0.54           53.937967
18  0.55           53.955994
19  0.56           53.975470
20  0.57           53.996234
21  0.58           54.018102
22  0.59           54.040879
23  0.60           54.064356
24  0.61           54.088317
25  0.62           54.112541
26  0.63           54.136805
27  0.64           54.160890
28  0.65           54.184581
29  0.66           54.207672
30  0.67           54.229971
31  0.68           54.251301
32  0.69           54.271504
33  0.70           54.290444
34  0.71           54.308012
35  0.72           54.324130
36  0.73           54.338750
37  0.74           54.351863
38  0.75           54.363499
39  0.76           54.373730
40  0.77           54.382675
41  0.78           54.390505
42  0.79           54.397444
43  0.80           54.403770
44  0.81           54.409825
45  0.82           54.416013
46  0.83           54.422805
47  0.84           54.430744
48  0.85           54.440445
49  0.86           54.452603
50  0.87           54.467992
51  0.88           54.487470
52  0.89           54.511984
53  0.90           54.542571
54  0.91           54.580365
55  0.92           54.626595
56  0.93           54.682593
57  0.94           54.749796
58  0.95           54.829747
59  0.96           54.924104
60  0.97           55.034638
2025-07-29 21:36:28.781422: Optimized Parameters (LSM): [-1.43347051e-01 -4.30089465e-02 -1.29031184e-02 -2.28368466e-01
  8.00348722e-02  2.40122296e-02  7.20382875e-03  0.00000000e+00
  0.00000000e+00  0.00000000e+00  0.00000000e+00  0.00000000e+00
  0.00000000e+00  0.00000000e+00  0.00000000e+00  0.00000000e+00
  0.00000000e+00  0.00000000e+00  0.00000000e+00  0.00000000e+00
  0.00000000e+00 -2.66463358e-03 -7.99391482e-04 -2.39817473e-04
 -3.10783467e-05 -2.66810034e-03  8.12979245e-02  1.14257564e-01
  1.24153739e-01  8.00430937e-04 -2.40129202e-04]
2025-07-29 21:36:28.781422: predicted_voltages_lsm_charging_v2
2025-07-29 21:36:28.781422: predicted
0.20	53.52
0.21	53.54
0.22	53.55
0.23	53.56
0.24	53.57
0.25	53.59
0.26	53.60
0.27	53.61
0.28	53.63
0.29	53.64
0.30	53.65
0.31	53.67
0.32	53.68
0.33	53.69
0.34	53.71
0.35	53.72
0.36	53.73
0.37	53.75
0.38	53.76
0.39	53.78
0.40	53.79
0.41	53.80
0.42	53.82
0.43	53.83
0.44	53.85
0.45	53.86
0.46	53.88
0.47	53.89
0.48	53.91
0.49	53.92
0.50	53.94
0.51	53.95
0.52	53.97
0.53	53.98
0.54	54.00
0.55	54.01
0.56	54.03
0.57	54.04
0.58	54.06
0.59	54.07
0.60	54.09
0.61	54.11
0.62	54.12
0.63	54.14
0.64	54.15
0.65	54.17
0.66	54.19
0.67	54.20
0.68	54.22
0.69	54.24
0.70	54.25
0.71	54.27
0.72	54.29
0.73	54.31
0.74	54.32
0.75	54.34
0.76	54.36
0.77	54.37
0.78	54.39
0.79	54.41
0.80	54.43
0.81	54.45
0.82	54.46
0.83	54.48
0.84	54.50
0.85	54.52
0.86	54.54
0.87	54.56
0.88	54.58
0.89	54.59
0.90	54.61
0.91	54.63
0.92	54.65
0.93	54.67
0.94	54.69
0.95	54.71
0.96	54.73
0.97	54.75
0.98	54.77
0.99	54.79
['mse: 0.0035', 'mae: 0.0455', 'pfg: 0.0839', 'r2: 0.9583', 'ks_p: 0.6648', 'ks_D: 0.1333', 'mape: 0.0008']
