2025-07-07 23:13:09.354898: start test_discharging
2025-07-07 23:13:09.355898: battery_model

data_provider.file_path data_v3_02_11_to_06_10.xlsx
data_provider.cols ['Timestamp', 'SoC(%)', 'Battery Current(A)', 'Battery Voltage(V)']
data_provider.searching_current 10
data_provider.spread 2 [8:12]
2025-07-07 23:13:09.355898: read_excel
2025-07-07 23:13:19.686414: actual
      SoC  Battery Voltage(V)
0   0.20           51.245065
1   0.21           51.353828
2   0.22           51.449400
3   0.23           51.532996
4   0.24           51.605762
5   0.25           51.668783
6   0.26           51.723078
7   0.27           51.769605
8   0.28           51.809265
9   0.29           51.842897
10  0.30           51.871287
11  0.31           51.895166
12  0.32           51.915209
13  0.33           51.932044
14  0.34           51.946247
15  0.35           51.958346
16  0.36           51.968823
17  0.37           51.978115
18  0.38           51.986616
19  0.39           51.994680
20  0.40           52.002620
21  0.41           52.010710
22  0.42           52.019191
23  0.43           52.028265
24  0.44           52.038105
25  0.45           52.048849
26  0.46           52.060609
27  0.47           52.073464
28  0.48           52.087473
29  0.49           52.102664
30  0.50           52.119045
31  0.51           52.136604
32  0.52           52.155306
33  0.53           52.175100
34  0.54           52.195918
35  0.55           52.217677
36  0.56           52.240280
37  0.57           52.263622
38  0.58           52.287583
39  0.59           52.312040
40  0.60           52.336860
41  0.61           52.361906
42  0.62           52.387039
43  0.63           52.412117
44  0.64           52.436999
45  0.65           52.461547
46  0.66           52.485623
47  0.67           52.509097
48  0.68           52.531846
49  0.69           52.553754
50  0.70           52.574716
51  0.71           52.594637
52  0.72           52.613438
53  0.73           52.631055
54  0.74           52.647438
55  0.75           52.662558
56  0.76           52.676406
57  0.77           52.688992
58  0.78           52.700354
59  0.79           52.710551
60  0.80           52.719670
61  0.81           52.727827
62  0.82           52.735168
63  0.83           52.741870
64  0.84           52.748145
65  0.85           52.754237
66  0.86           52.760429
67  0.87           52.767042
68  0.88           52.774438
69  0.89           52.783017
70  0.90           52.793227
71  0.91           52.805558
72  0.92           52.820548
73  0.93           52.838782
74  0.94           52.860896
75  0.95           52.887578
76  0.96           52.919569
77  0.97           52.957663
78  0.98           53.002714
79  0.99           53.055631
80  1.00           53.117386
2025-07-07 23:15:34.688900: Optimized Parameters (LSM): [1.97013419e-01 3.69500218e-02 3.96540730e-03 1.46407366e+00
 1.41756362e-22 5.22970567e-05 4.06451583e-04 1.00000000e-10
 9.99999984e-11 1.00000000e-10 1.00000000e-10 1.00000000e-10
 1.00000000e-10 1.00000000e-10 1.00000000e-10 1.00000000e-10
 1.00000000e-10 1.00000000e-10 1.00000000e-10 1.00000000e-10
 1.00000000e-10 5.73975678e-05 4.10516491e-04 6.29678800e-05
 1.36038064e-02 5.22970557e-05 1.67973490e-07 9.33302057e-09
 7.98494621e-09 4.84860595e-01 6.28665262e-05]
2025-07-07 23:15:34.689901: predicted_voltages_lsm_charging_v2
2025-07-07 23:15:34.690901: predicted
0.20	51.77
0.21	51.78
0.22	51.79
0.23	51.80
0.24	51.81
0.25	51.82
0.26	51.83
0.27	51.84
0.28	51.85
0.29	51.86
0.30	51.87
0.31	51.88
0.32	51.89
0.33	51.90
0.34	51.92
0.35	51.93
0.36	51.94
0.37	51.95
0.38	51.96
0.39	51.97
0.40	51.99
0.41	52.00
0.42	52.01
0.43	52.02
0.44	52.04
0.45	52.05
0.46	52.06
0.47	52.08
0.48	52.09
0.49	52.10
0.50	52.12
0.51	52.13
0.52	52.15
0.53	52.16
0.54	52.18
0.55	52.19
0.56	52.21
0.57	52.22
0.58	52.24
0.59	52.25
0.60	52.27
0.61	52.29
0.62	52.30
0.63	52.32
0.64	52.34
0.65	52.35
0.66	52.37
0.67	52.39
0.68	52.41
0.69	52.43
0.70	52.45
0.71	52.46
0.72	52.48
0.73	52.50
0.74	52.52
0.75	52.54
0.76	52.56
0.77	52.59
0.78	52.61
0.79	52.63
0.80	52.65
0.81	52.67
0.82	52.69
0.83	52.72
0.84	52.74
0.85	52.76
0.86	52.79
0.87	52.81
0.88	52.84
0.89	52.86
0.90	52.89
0.91	52.91
0.92	52.94
0.93	52.96
0.94	52.99
0.95	53.02
0.96	53.05
0.97	53.07
0.98	53.10
0.99	53.13
['mse: 0.0557', 'mae: 0.1025', 'pfg: 0.1960', 'r2: 0.6915', 'ks_p: 0.8219', 'ks_D: 0.1000', 'mape: 0.0020']
2025-07-07 23:16:57.764853: Optimized Parameters (GA): [2.06041101e-01 5.11693886e-02 1.32301193e+00 1.01892041e+00
 0.00000000e+00 0.00000000e+00 0.00000000e+00 8.23096962e-02
 1.50642093e-01 1.69804658e-01 4.21915093e-01 1.10911399e-01
 1.44229442e-01 4.40969767e-01 6.23917215e-01 5.00623317e-01
 2.27592314e-01 3.96090367e-03 3.41674726e-01 7.74477990e-01
 1.29281814e-01 1.36741434e-01 1.66727764e+00 5.50510631e-01
 9.21658179e-01 0.00000000e+00 0.00000000e+00 0.00000000e+00
 0.00000000e+00 6.25068424e+00 3.73299440e-02]
2025-07-07 23:16:57.765855: predicted
0.20	51.72
0.21	51.73
0.22	51.74
0.23	51.75
0.24	51.76
0.25	51.78
0.26	51.79
0.27	51.80
0.28	51.81
0.29	51.82
0.30	51.84
0.31	51.85
0.32	51.86
0.33	51.88
0.34	51.89
0.35	51.90
0.36	51.92
0.37	51.93
0.38	51.94
0.39	51.96
0.40	51.97
0.41	51.98
0.42	52.00
0.43	52.01
0.44	52.03
0.45	52.04
0.46	52.06
0.47	52.07
0.48	52.09
0.49	52.10
0.50	52.12
0.51	52.13
0.52	52.15
0.53	52.17
0.54	52.18
0.55	52.20
0.56	52.21
0.57	52.23
0.58	52.25
0.59	52.26
0.60	52.28
0.61	52.30
0.62	52.32
0.63	52.33
0.64	52.35
0.65	52.37
0.66	52.39
0.67	52.41
0.68	52.42
0.69	52.44
0.70	52.46
0.71	52.48
0.72	52.50
0.73	52.52
0.74	52.54
0.75	52.56
0.76	52.58
0.77	52.60
0.78	52.62
0.79	52.64
0.80	52.66
0.81	52.68
0.82	52.70
0.83	52.73
0.84	52.75
0.85	52.77
0.86	52.79
0.87	52.81
0.88	52.84
0.89	52.86
0.90	52.88
0.91	52.91
0.92	52.93
0.93	52.95
0.94	52.98
0.95	53.00
0.96	53.03
0.97	53.05
0.98	53.08
0.99	53.10
['mse: 0.0517', 'mae: 0.0961', 'pfg: 0.1837', 'r2: 0.7134', 'ks_p: 0.9794', 'ks_D: 0.0750', 'mape: 0.0018']
