2025-07-25 16:07:53.825428: start test_charging
2025-07-25 16:07:53.825428: battery_model

data_provider.file_path data_v3_02_11_to_06_10.xlsx
data_provider.cols ['Timestamp', 'SoC(%)', 'Battery Current(A)', 'Battery Voltage(V)']
data_provider.searching_current 2
data_provider.spread 1 [1:3]
2025-07-25 16:07:53.825428: read_excel
2025-07-25 16:08:05.520169: get_charging_data
2025-07-25 16:08:05.542640: actual
      SoC  Battery Voltage(V)
0   0.19           51.999927
1   0.20           52.096610
2   0.21           52.183436
3   0.22           52.261214
4   0.23           52.330714
5   0.24           52.392666
6   0.25           52.447763
7   0.26           52.496661
8   0.27           52.539980
9   0.28           52.578303
10  0.29           52.612181
11  0.30           52.642128
12  0.31           52.668630
13  0.32           52.692138
14  0.33           52.713071
15  0.34           52.731822
16  0.35           52.748752
17  0.36           52.764194
18  0.37           52.778454
19  0.38           52.791812
20  0.39           52.804521
21  0.40           52.816810
22  0.41           52.828886
23  0.42           52.840929
24  0.43           52.853101
25  0.44           52.865540
26  0.45           52.878365
27  0.46           52.891675
28  0.47           52.905550
29  0.49           52.935234
30  0.53           53.003086
31  0.56           53.061147
32  0.57           53.081664
33  0.60           53.145793
34  0.61           53.167762
35  0.62           53.189880
36  0.63           53.212048
37  0.64           53.234168
38  0.65           53.256137
39  0.66           53.277850
40  0.67           53.299202
41  0.68           53.320088
42  0.69           53.340402
43  0.70           53.360043
44  0.71           53.378909
45  0.72           53.396904
46  0.73           53.413936
47  0.74           53.429918
48  0.75           53.444768
49  0.76           53.458412
50  0.77           53.470784
51  0.78           53.481828
52  0.79           53.491495
53  0.81           53.506562
54  0.84           53.518298
55  0.85           53.519356
56  0.86           53.519048
57  0.87           53.517435
58  0.88           53.514597
59  0.90           53.505654
60  0.91           53.499802
61  0.92           53.493235
62  0.93           53.486132
63  0.94           53.478695
64  0.95           53.471153
65  0.96           53.463757
66  0.97           53.456783
67  0.98           53.450535
68  0.99           53.445344
69  1.00           53.441568
2025-07-25 16:10:26.391979: Optimized Parameters (LSM): [-6.57580000e-01 -1.31520897e-02 -2.62977416e-04 -6.95521089e-01
  2.87567250e-01  5.75146317e-03  1.15168346e-04  0.00000000e+00
  0.00000000e+00  0.00000000e+00  0.00000000e+00  0.00000000e+00
  0.00000000e+00  0.00000000e+00  0.00000000e+00  0.00000000e+00
  0.00000000e+00  0.00000000e+00  0.00000000e+00  0.00000000e+00
  0.00000000e+00 -4.00843785e-02 -8.01645557e-04 -1.59731336e-05
 -9.65571915e-02 -1.43785062e-01  1.72302299e+00  1.16022399e-01
 -1.43438643e+00  2.87576894e-03 -5.74834747e-05]
2025-07-25 16:10:26.393997: predicted_voltages_lsm_charging_v2
2025-07-25 16:10:26.393997: predicted
['mse: 0.0631', 'mae: 0.0861', 'pfg: 0.1623', 'r2: 0.6378', 'ks_p: 0.7465', 'ks_D: 0.1159', 'mape: 0.0016']
2025-07-25 16:10:29.182713: Optimized Parameters (GA): [0.         0.03646091 0.         0.15005198 0.         0.05470454
 0.20283539 0.26743067 0.04142301 0.         0.19818904 0.
 0.2453341  0.32267352 0.29355014 0.         0.20122134 0.03700631
 0.26967676 0.         0.21147038 0.28466469 0.         0.00445109
 0.         0.6123047  0.18422845 0.37284913 0.58525739 0.25710034
 0.01114371]
2025-07-25 16:10:29.182713: his_best_fitness: [(1, 0.6536404969945743), (2, 0.6106795571727363), (3, 0.5355377347943155), (4, 0.4066634734524239)]
2025-07-25 16:10:29.182713: predicted
0.20	52.14
0.21	52.15
0.22	52.15
0.23	52.16
0.24	52.16
0.25	52.17
0.26	52.17
0.27	52.18
0.28	52.18
0.29	52.19
0.30	52.19
0.31	52.20
0.32	52.20
0.33	52.21
0.34	52.22
0.35	52.22
0.36	52.23
0.37	52.24
0.38	52.24
0.39	52.25
0.40	52.26
0.41	52.27
0.42	52.27
0.43	52.28
0.44	52.29
0.45	52.30
0.46	52.31
0.47	52.32
0.48	52.33
0.49	52.34
0.50	52.35
0.51	52.36
0.52	52.37
0.53	52.38
0.54	52.39
0.55	52.40
0.56	52.41
0.57	52.42
0.58	52.43
0.59	52.45
0.60	52.46
0.61	52.47
0.62	52.49
0.63	52.50
0.64	52.51
0.65	52.53
0.66	52.54
0.67	52.55
0.68	52.57
0.69	52.59
0.70	52.60
0.71	52.62
0.72	52.63
0.73	52.65
0.74	52.67
0.75	52.68
0.76	52.70
0.77	52.72
0.78	52.74
0.79	52.75
0.80	52.77
0.81	52.79
0.82	52.81
0.83	52.83
0.84	52.85
0.85	52.87
0.86	52.89
0.87	52.92
0.88	52.94
0.89	52.96
0.90	52.98
0.91	53.01
0.92	53.03
0.93	53.05
0.94	53.08
0.95	53.10
0.96	53.13
0.97	53.15
0.98	53.18
0.99	53.20
['mse: 0.3808', 'mae: 0.5834', 'pfg: 1.0995', 'r2: -1.1848', 'ks_p: 0.0000', 'ks_D: 0.5072', 'mape: 0.0110']
