2025-07-22 08:44:11.560968: start test_discharging
2025-07-22 08:44:11.560968: battery_model

data_provider.file_path data_v3_02_11_to_06_10.xlsx
data_provider.cols ['Timestamp', 'SoC(%)', 'Battery Current(A)', 'Battery Voltage(V)']
data_provider.searching_current 20
data_provider.spread 2 [18:22]
2025-07-22 08:44:11.561969: read_excel
2025-07-22 08:44:21.913204: actual
      SoC  Battery Voltage(V)
0   0.24           51.394442
1   0.25           51.491210
2   0.26           51.571955
3   0.27           51.638423
4   0.28           51.692252
5   0.29           51.734978
6   0.31           51.792762
7   0.32           51.810400
8   0.33           51.822099
9   0.34           51.828922
10  0.36           51.831759
11  0.37           51.829478
12  0.38           51.825737
13  0.39           51.821198
14  0.40           51.816449
15  0.41           51.812011
16  0.44           51.804807
17  0.45           51.805552
18  0.46           51.808287
19  0.47           51.813180
20  0.48           51.820353
21  0.49           51.829884
22  0.50           51.841806
23  0.51           51.856113
24  0.52           51.872765
25  0.54           51.912764
26  0.55           51.935870
27  0.56           51.960842
28  0.57           51.987499
29  0.58           52.015638
30  0.59           52.045042
31  0.60           52.075480
32  0.61           52.106710
33  0.62           52.138483
34  0.63           52.170544
35  0.64           52.202637
36  0.65           52.234507
37  0.66           52.265902
38  0.67           52.296579
39  0.68           52.326302
40  0.69           52.354850
41  0.70           52.382016
42  0.71           52.407612
43  0.72           52.431471
44  0.73           52.453450
45  0.74           52.473433
46  0.75           52.491336
47  0.76           52.507106
48  0.77           52.520726
49  0.78           52.532218
50  0.79           52.541645
51  0.80           52.549116
52  0.81           52.554786
53  0.82           52.558861
54  0.83           52.561600
55  0.84           52.563317
56  0.85           52.564388
57  0.86           52.565248
58  0.87           52.566399
59  0.88           52.568407
60  0.89           52.571914
61  0.90           52.577632
62  0.91           52.586349
63  0.92           52.598934
64  0.93           52.616338
65  0.94           52.639597
66  0.95           52.669834
67  0.96           52.708264
68  0.98           52.815034
69  0.99           52.886284
70  1.00           52.971552
2025-07-22 08:45:41.077369: Optimized Parameters (GA): [0.         0.34593211 0.37276322 1.17975084 0.         0.
 0.         0.16666776 1.08132696 0.55362727 0.67655244 0.13611235
 0.16775489 0.98976277 0.28225006 0.24551337 0.04452751 0.03170797
 0.35490104 0.22474057 0.00601411 0.28062708 0.88960668 0.92013437
 1.12010991 0.         0.         0.         0.         2.34650756
 0.01282932]
2025-07-22 08:45:41.078369: his_best_fitness: [(1, 0.207977770936434), (2, 0.17703256951409116), (3, 0.16445148517997277), (4, 0.14492112153414288), (5, 0.13080474301124126), (6, 0.11294817777374928), (7, 0.10271193438270754), (8, 0.0894181867781638), (9, 0.04959288499065103), (10, 0.05357866907008439), (11, 0.04768523221935476), (12, 0.03687510322697995), (13, 0.03616190343092259), (14, 0.03208688710950903), (15, 0.026904985252049436), (16, 0.021023547934328004), (17, 0.020095385849663673), (18, 0.020043564518088197), (19, 0.01954172603420622), (20, 0.018159212447002814), (21, 0.01607335466680567), (22, 0.01592265589266239), (23, 0.015733889304217947), (24, 0.015733889304217947), (25, 0.015692121700044335), (26, 0.015657647707759154), (27, 0.015657647707759216), (28, 0.01563802627155205), (29, 0.015585903169812947), (30, 0.015585903169812874), (31, 0.015560114000540332), (32, 0.015520463947030542), (33, 0.01552046394703053), (34, 0.015490421946059409), (35, 0.015464527205616254), (36, 0.015415299289978247), (37, 0.01540063125456113), (38, 0.015366696110173841), (39, 0.015355043983413655), (40, 0.015355043983413655), (41, 0.015344084381521576), (42, 0.0152810279008503), (43, 0.015273393606605748), (44, 0.015257389264707702), (45, 0.015156673094826455), (46, 0.015142719507352562), (47, 0.015142719507352562), (48, 0.015104104626153348), (49, 0.015116067868851422), (50, 0.015116067868851352), (51, 0.015081432015921298), (52, 0.015079706048897547), (53, 0.015062852804852901), (54, 0.015062312293713874), (55, 0.015033632333224231), (56, 0.015002714275719005), (57, 0.015017517523126207), (58, 0.014975312631546186), (59, 0.014972501213763246), (60, 0.014946187138964635), (61, 0.014946187138964635), (62, 0.014925405528675863), (63, 0.014857838605086833), (64, 0.014857838605086573), (65, 0.014857838605086573), (66, 0.014828831871918528), (67, 0.01485768546794773), (68, 0.014857685467947667), (69, 0.014857119586341203), (70, 0.014728481980331653), (71, 0.014728481980331653), (72, 0.014856822636060755), (73, 0.01476819839496793), (74, 0.014822798389067207), (75, 0.01471450545820107), (76, 0.01471450545820107), (77, 0.014793380720571098), (78, 0.014777908235627517), (79, 0.01477790823562742), (80, 0.014777908235627517), (81, 0.014774514135129289), (82, 0.01477404731187262), (83, 0.014739144811037639), (84, 0.014686992884890008), (85, 0.014686992884889803), (86, 0.014686959010528248), (87, 0.014647308913288309), (88, 0.014644093970643007), (89, 0.014627192555556279), (90, 0.01463627972905377), (91, 0.01463455950952662), (92, 0.01463381712431102), (93, 0.014578933420549337), (94, 0.014578747191172515), (95, 0.014578747191172487), (96, 0.014565806112526312), (97, 0.014562002043713256), (98, 0.014561718203230245), (99, 0.014560782733536688), (100, 0.01454259868970099), (101, 0.01451143307358543), (102, 0.01454150248835162), (103, 0.014541443089945528), (104, 0.014508857218759745), (105, 0.014508857218759538), (106, 0.014441711369871147), (107, 0.01439863282574648), (108, 0.01439863282574648), (109, 0.014503576781931411), (110, 0.014496332684576585), (111, 0.014465522016339234), (112, 0.014432296903515766), (113, 0.01433411184711773), (114, 0.014262722145046054), (115, 0.014262722145046054), (116, 0.01426929350031965), (117, 0.014269906361604846), (118, 0.014211153478189437), (119, 0.014242441732895371), (120, 0.01421197939033348), (121, 0.01421482045773188), (122, 0.014174859031261464), (123, 0.01417343582185052), (124, 0.014125114327522423), (125, 0.014032832952792278), (126, 0.014032832952792177), (127, 0.01403087550899574), (128, 0.014030530577003954), (129, 0.014027623469353094), (130, 0.014022595075092256), (131, 0.014022595075092199), (132, 0.014022595075092199), (133, 0.014020765876411736), (134, 0.014017133217284247), (135, 0.013974295637683914), (136, 0.013978324834549024), (137, 0.013978324834549024), (138, 0.013978324834549024), (139, 0.013978324834549024), (140, 0.013978324834549024), (141, 0.01393052696033161), (142, 0.01393052696033161), (143, 0.013930526960331526), (144, 0.013929586807989332), (145, 0.013929586807989332), (146, 0.013929586807989332), (147, 0.013926367892174399), (148, 0.0139263678921747), (149, 0.013926367892174399), (150, 0.013871597094960294), (151, 0.013873395293651655), (152, 0.01391278915464282), (153, 0.013909977640506459), (154, 0.013867781474279249), (155, 0.013867781474279058), (156, 0.013867781474278916), (157, 0.013852772175281667), (158, 0.013852772175281667), (159, 0.013854191831704669), (160, 0.013859032970575853), (161, 0.0138541390235053), (162, 0.013854139023505265), (163, 0.013853204042265862), (164, 0.013853204042265862), (165, 0.013853204042265818), (166, 0.013852499321929161), (167, 0.013852499321929161), (168, 0.013852499321928953), (169, 0.013852455627322461), (170, 0.013851488896249157), (171, 0.013834609029665412), (172, 0.013841630325566519), (173, 0.01383640151941807), (174, 0.013834717437464217), (175, 0.013834717437463943), (176, 0.013828296477309543), (177, 0.0138282964773094), (178, 0.013824569540675014), (179, 0.013811788502584302), (180, 0.013811788502584302), (181, 0.013812158403684882), (182, 0.013812158403684738), (183, 0.013806300595712674), (184, 0.013806868878164617), (185, 0.013806300595712674), (186, 0.013801559296197186), (187, 0.013793871495436648), (188, 0.013793871495436925), (189, 0.01379362647475317), (190, 0.013793626474753056), (191, 0.013791507308592549), (192, 0.013791507308592448), (193, 0.013786783712099245), (194, 0.013790662797308105), (195, 0.013788149554351339), (196, 0.013778244102566044), (197, 0.013778244102566044), (198, 0.013778194210240633), (199, 0.013775635420421536), (200, 0.013743107566571237), (201, 0.013775635420421477), (202, 0.013732171760643085), (203, 0.013732171760642842), (204, 0.0137277456095897), (205, 0.013727602880506801), (206, 0.013727602880506482), (207, 0.01372443941668344), (208, 0.013722983963900974), (209, 0.013722983963900974), (210, 0.01371910258302936), (211, 0.013717334396302397), (212, 0.013716077662762893), (213, 0.013703977149375494), (214, 0.013700010047446263), (215, 0.013697848523447496), (216, 0.013686004992625435), (217, 0.013686004992625397), (218, 0.01368170945509953), (219, 0.013683384220615834), (220, 0.013657202877276656), (221, 0.013650818350264299), (222, 0.013650818350264545), (223, 0.01365081835026417), (224, 0.013637920355373118), (225, 0.01363792035537309), (226, 0.01362933561868721), (227, 0.013629335618687129), (228, 0.01361391164838105), (229, 0.013601841182784437), (230, 0.013600309549551447), (231, 0.013599680780816208), (232, 0.01360172618375444), (233, 0.013594412867915042), (234, 0.01359601721020148), (235, 0.013587471681976382), (236, 0.01358837068194434), (237, 0.013593952644560082), (238, 0.01359395264455988), (239, 0.013595472988172862), (240, 0.013590563717277127), (241, 0.013579943610683381), (242, 0.013579943610683381), (243, 0.013574698416826379), (244, 0.013574698416826379), (245, 0.013574698416826236), (246, 0.013572010248259688), (247, 0.013567781025266665), (248, 0.01356612727431654), (249, 0.013562401076737158), (250, 0.013561117820316876), (251, 0.013561117820316876), (252, 0.013561117820316876), (253, 0.013560638981336097), (254, 0.013558742895856953), (255, 0.013558237967271633), (256, 0.01355715879287183), (257, 0.01355715879287139), (258, 0.01355715879287131), (259, 0.013556176908407512), (260, 0.013555228410175861), (261, 0.013544709802859628), (262, 0.013534192211929016), (263, 0.013534192211929016), (264, 0.013533254551025291), (265, 0.013532825683763683), (266, 0.013532348012269595), (267, 0.013531929894875023), (268, 0.013531929894874636), (269, 0.013531929894874636), (270, 0.013531550640229317), (271, 0.013531436815705653), (272, 0.013530693185074414), (273, 0.01353069318507414), (274, 0.013524544520466593), (275, 0.013521814536000237), (276, 0.013519834313839574), (277, 0.013512902942680111), (278, 0.013508172950893956), (279, 0.013507192480043392), (280, 0.013507192480043416), (281, 0.013507167206417054), (282, 0.013506750298105143), (283, 0.013506470464327108), (284, 0.013506470464326719), (285, 0.013506470464326719), (286, 0.013498281025764386), (287, 0.013506470464326719), (288, 0.013506144007944766), (289, 0.013506144007944643), (290, 0.013506144007944643), (291, 0.013506144007944643), (292, 0.013506144007944643), (293, 0.013506144007944643), (294, 0.013506007689973414), (295, 0.013502384924747212), (296, 0.013481461635395714), (297, 0.013472313511063455), (298, 0.013432147479133197), (299, 0.013452861978860805), (300, 0.013444400814974335), (301, 0.013443623553069923), (302, 0.013433825803824021), (303, 0.01342813643780729), (304, 0.013431786661182136), (305, 0.013425639908045057), (306, 0.013425639908045022), (307, 0.01342085328851856), (308, 0.013420706072284173), (309, 0.013420853288518428), (310, 0.01342085328851834), (311, 0.013415690457409864), (312, 0.013413249647995704), (313, 0.013411735317758567), (314, 0.013410789151663733), (315, 0.013409329606814872), (316, 0.01340683652885507), (317, 0.013402918434884978), (318, 0.01338983765026497), (319, 0.013375350612764327), (320, 0.013371948134027404), (321, 0.01338799356711007), (322, 0.013386905766976633), (323, 0.013386307014420788), (324, 0.013384045005111159), (325, 0.013379780327409), (326, 0.013378950277562307), (327, 0.013378950277562206), (328, 0.013376565392325936), (329, 0.013375456119389348), (330, 0.013373468604774761), (331, 0.013361627506911108), (332, 0.013359382633568399), (333, 0.013356185084504844), (334, 0.013353684098227962), (335, 0.01335368409822785), (336, 0.013350927726638897), (337, 0.013347540189160033), (338, 0.01334271784021988), (339, 0.01334271784021988), (340, 0.013339154331726657), (341, 0.01333626448501836), (342, 0.013331141359368914), (343, 0.01332851902828419), (344, 0.01332845584397813), (345, 0.013327873686975578), (346, 0.013327873686975574), (347, 0.013324598487493195), (348, 0.013325927853499866), (349, 0.013325927853499866), (350, 0.013324606218879806), (351, 0.01332460621887967), (352, 0.013320806361505216), (353, 0.013319979111865773), (354, 0.013319050278912791), (355, 0.013313636837865742), (356, 0.013314201241434703), (357, 0.013314201241434703), (358, 0.013313739524366937), (359, 0.013300708019997439), (360, 0.013313026203297003), (361, 0.01330780719095789), (362, 0.013303654376225462), (363, 0.013300327567785568), (364, 0.013300311183912488), (365, 0.013297014380322983), (366, 0.013289841900218624), (367, 0.013289841900218624), (368, 0.013287260524008106), (369, 0.013287044889043982), (370, 0.013287019897397851), (371, 0.013286741145570215), (372, 0.013286322132156768), (373, 0.01328121841415927), (374, 0.013280453090138342), (375, 0.013276101225911177), (376, 0.013276101225911316), (377, 0.013273487850634726), (378, 0.013271331514302718), (379, 0.013270048942870451), (380, 0.013270048942870356), (381, 0.01326946045768651), (382, 0.013267978391742138), (383, 0.01326571420167034), (384, 0.013262542141743966), (385, 0.013252090908211455), (386, 0.013252090908211427), (387, 0.013252090908211427), (388, 0.013251946999140575), (389, 0.013251393360757006), (390, 0.01324986561678334), (391, 0.013249931077108385), (392, 0.013249931077108625), (393, 0.013244263359486454), (394, 0.013245014849581127), (395, 0.013245014849581127), (396, 0.013244894243358559), (397, 0.013244894243358625), (398, 0.013244800756577106), (399, 0.013243581969326458), (400, 0.013243581969326273)]
2025-07-22 08:45:41.080402: predicted
0.20	51.59
0.21	51.60
0.22	51.61
0.23	51.62
0.24	51.63
0.25	51.64
0.26	51.65
0.27	51.66
0.28	51.67
0.29	51.68
0.30	51.69
0.31	51.71
0.32	51.72
0.33	51.73
0.34	51.74
0.35	51.75
0.36	51.76
0.37	51.78
0.38	51.79
0.39	51.80
0.40	51.81
0.41	51.83
0.42	51.84
0.43	51.85
0.44	51.86
0.45	51.88
0.46	51.89
0.47	51.90
0.48	51.92
0.49	51.93
0.50	51.95
0.51	51.96
0.52	51.98
0.53	51.99
0.54	52.00
0.55	52.02
0.56	52.03
0.57	52.05
0.58	52.07
0.59	52.08
0.60	52.10
0.61	52.11
0.62	52.13
0.63	52.15
0.64	52.16
0.65	52.18
0.66	52.20
0.67	52.21
0.68	52.23
0.69	52.25
0.70	52.27
0.71	52.28
0.72	52.30
0.73	52.32
0.74	52.34
0.75	52.36
0.76	52.38
0.77	52.40
0.78	52.42
0.79	52.44
0.80	52.46
0.81	52.48
0.82	52.50
0.83	52.52
0.84	52.54
0.85	52.56
0.86	52.58
0.87	52.60
0.88	52.62
0.89	52.65
0.90	52.67
0.91	52.69
0.92	52.71
0.93	52.74
0.94	52.76
0.95	52.79
0.96	52.81
0.97	52.83
0.98	52.86
0.99	52.88
['mse: 0.0081', 'mae: 0.0778', 'pfg: 0.1490', 'r2: 0.9411', 'ks_p: 0.7544', 'ks_D: 0.1143', 'mape: 0.0015']
